-0.0017228507350633521
-0.0017228540760864288
-0.0017228574176776886
-0.0017228607592722485
-0.0017228641007150537
-0.0017228674423459271
-0.0017228707839163598
-0.0017228741254709749
-0.0017228774670756005
-0.0017228808087726933
-0.0017228841502776985
-0.0017228874918645716
-0.0017228908334398485
-0.0017228941752137803
-0.0017228975166915517
-0.001722900858293642
-0.0017229042000094534
-0.0017229075417242838
-0.0017229108833234446
-0.00172291422503208
-0.0017229175667354758
-0.0017229209083784312
-0.0017229242500246677
-0.0017229275917484798
-0.0017229309334330885
-0.0017229342753758035
-0.0017229376169119038
-0.001722940958650888
-0.001722944300450475
-0.0017229476422384472
-0.0017229509839489883
-0.0017229543256648875
-0.0017229576673904044
-0.0017229610092338713
-0.0017229643509043054
-0.0017229676926544515
-0.0017229710346265928
-0.0017229743763343857
-0.0017229777180984972
-0.001722981059923203
-0.0017229844018403617
-0.0017229877436630524
-0.0017229910854974818
-0.0017229944273117741
-0.001722997769248251
-0.0017230011111221194
-0.0017230044529439963
-0.0017230077948137098
-0.0017230111366930243
-0.0017230144786010363
-0.0017230178205993743
-0.0017230211624522538
-0.0017230245042680154
-0.0017230278461804439
-0.0017230311881449452
-0.0017230345300425724
-0.001723037872053871
-0.001723041214021644
-0.0017230445559607904
-0.001723047898032693
-0.0017230512398805676
-0.0017230545819801382
-0.0017230579238174451
-0.0017230612659128038
-0.0017230646078308601
-0.0017230679498158243
-0.001723071291882592
-0.0017230746339737888
-0.0017230779759789994
-0.0017230813179789006
-0.0017230846600818186
-0.0017230880021369761
-0.001723091344152831
-0.0017230946861931443
-0.0017230980283237103
-0.001723101370461731
-0.0017231047125158506
-0.0017231080546305185
-0.001723111396737737
-0.001723114738954351
-0.0017231180810212206
-0.0017231214230169246
-0.001723124765243081
-0.001723128107342868
-0.0017231314495775138
-0.0017231347916708958
-0.001723138133799327
-0.0017231414759670306
-0.001723144818144284
-0.0017231481605965758
-0.001723151502535902
-0.001723154844735426
-0.001723158186959337
-0.0017231615292225195
-0.0017231648714846383
-0.001723168213720154
-0.0017231715559312495
-0.0017231748981306155
-0.0017231782405306988
-0.0017231815826896516
-0.0017231849250131904
-0.0017231882671954587
-0.0017231916095083169
-0.0017231949518859398
-0.0017231982941201312
-0.0017232016365826357
-0.0017232049787700313
-0.0017232083211857173
-0.0017232116633454204
-0.001723215005707927
-0.0017232183480077182
-0.0017232216903998818
-0.0017232250327930516
-0.0017232283751256407
-0.00172323171763554
-0.0017232350599234098
-0.0017232384023949622
-0.0017232417447103452
-0.001723245087194552
-0.0017232484296372565
-0.0017232517719492889
-0.0017232551143260277
-0.0017232584567590083
-0.001723261799311933
-0.001723265141789401
-0.0017232684842168645
-0.001723271826583731
-0.0017232751691470191
-0.0017232785116305732
-0.0017232818541809858
-0.001723285196621908
-0.0017232885391849089
-0.0017232918817722577
-0.0017232952240844356
-0.0017232985666482655
-0.001723301909223701
-0.0017233052516322938
-0.0017233085941820519
-0.0017233119367434289
-0.0017233152793758848
-0.001723318621930712
-0.0017233219645651015
-0.001723325307194101
-0.0017233286497072254
-0.0017233319923402868
-0.0017233353348553608
-0.001723338677464854
-0.0017233420200604569
-0.0017233453628248273
-0.0017233487053989773
-0.0017233520479209786
-0.0017233553906563749
-0.0017233587333268757
-0.0017233620761045482
-0.0017233654186452336
-0.0017233687612633615
-0.001723372104016289
-0.0017233754466363057
-0.0017233787898011305
-0.0017233821323317038
-0.0017233854749163287
-0.0017233888176973356
-0.0017233921603964444
-0.0017233955029987732
-0.001723398845646649
-0.0017234021884675454
-0.0017234055312830131
-0.0017234088739804302
-0.0017234122167977496
-0.001723415559630887
-0.0017234189023268517
-0.0017234222451852188
-0.0017234255879255268
-0.0017234289307177595
-0.0017234322735364142
-0.0017234356162795046
-0.0017234389591637429
-0.0017234423019851497
-0.0017234456449137163
-0.001723448987821951
-0.0017234523306631118
-0.0017234556733798404
-0.001723459016263205
-0.0017234623592430835
-0.0017234657022196075
-0.001723469045003716
-0.001723472387829113
-0.0017234757307446314
-0.0017234790736716746
-0.0017234824167887083
-0.001723485759681455
-0.0017234891026090896
-0.0017234924455567418
-0.0017234957884989096
-0.001723499131420735
-0.0017235024743604437
-0.0017235058173265564
-0.0017235091603126558
-0.0017235125034356339
-0.0017235158464511534
-0.0017235191893931918
-0.0017235225324083625
-0.001723525875432901
-0.0017235292184625687
-0.0017235325614591414
-0.0017235359045351913
-0.001723539247590879
-0.0017235425905837
-0.0017235459336942423
-0.001723549276778049
-0.0017235526198159995
-0.0017235559628356848
-0.0017235593059390898
-0.0017235626491049975
-0.00172356599215916
-0.0017235693353012844
-0.001723572678480406
-0.0017235760223232703
-0.0017235793645905045
-0.0017235827078848152
-0.0017235860510227655
-0.0017235893941827997
-0.0017235927373989422
-0.001723596080458703
-0.0017235994237020465
-0.0017236027668463645
-0.0017236061099618113
-0.0017236094531800652
-0.0017236127963991738
-0.0017236161395702567
-0.0017236194828717988
-0.0017236228261168231
-0.001723626169403044
-0.0017236295125371084
-0.0017236328557803902
-0.001723636199052124
-0.0017236395424564226
-0.0017236428857043263
-0.0017236462289126906
-0.0017236495723131258
-0.0017236529155720032
-0.0017236562588593483
-0.0017236596021666408
-0.0017236629453770064
-0.0017236662887475667
-0.0017236696320976851
-0.0017236729754720101
-0.0017236763188089009
-0.0017236796621805989
-0.0017236830054362523
-0.001723686348741588
-0.001723689692168837
-0.001723693035692539
-0.001723696378996054
-0.001723699722457612
-0.0017237030657903597
-0.001723706409194039
-0.0017237097526665197
-0.0017237130960484118
-0.00172371643946725
-0.001723719783001615
-0.0017237231263327972
-0.0017237264698496454
-0.0017237298133502682
-0.0017237331567348292
-0.001723736500205178
-0.0017237398437273085
-0.001723743187105731
-0.0017237465307824325
-0.0017237498740710494
-0.0017237532177238094
-0.0017237565611457589
-0.001723759904640717
-0.0017237632483361933
-0.001723766591692473
-0.0017237699352853834
-0.0017237732789173227
-0.0017237766224969075
-0.001723779966019901
-0.0017237833095436578
-0.0017237866532169345
-0.001723789996810217
-0.001723793340406407
-0.0017237966840139773
-0.0017238000276818
-0.0017238033712165105
-0.0017238067147923688
-0.0017238100584837269
-0.001723813402090857
-0.0017238167457837327
-0.001723820089330724
-0.0017238234329549856
-0.0017238267767287227
-0.0017238301203332247
-0.001723833464061731
-0.001723836807841968
-0.0017238401514040908
-0.0017238434951624454
-0.001723846838830174
-0.0017238501826282642
-0.0017238535262570948
-0.001723856869990775
-0.0017238602138399703
-0.0017238635575262478
-0.0017238669012685226
-0.0017238702451007689
-0.0017238735887446176
-0.0017238769325252008
-0.0017238802764297676
-0.0017238836201204173
-0.0017238869639499299
-0.00172389030770153
-0.0017238936516174852
-0.0017238969954321453
-0.001723900339124275
-0.001723903682938249
-0.0017239070268251933
-0.001723910370770242
-0.0017239137145629725
0.0027855434396375487
