58896.225966829596
58896.22600155717
58896.22603629057
58896.22607102394
58896.22610575564
58896.226140489234
58896.226175222095
58896.22620995473
58896.226244687816
58896.22627942176
58896.226314153646
58896.22634888632
58896.22638361877
58896.22641835322
58896.226453084506
58896.226487816995
58896.22652255061
58896.22655728413
58896.226592016355
58896.22662674966
58896.22666148281
58896.226696215264
58896.226730947696
58896.226765680825
58896.22680041349
58896.226835148744
58896.226869879705
58896.22690461269
58896.22693934623
58896.22697407956
58896.227008812035
58896.227043544466
58896.22707827691
58896.227113010515
58896.22714774224
58896.22718247473
58896.22721720944
58896.22725194133
58896.22728667371
58896.227321406644
58896.22735614048
58896.227390873246
58896.227425606055
58896.22746033857
58896.22749507229
58896.227529805285
58896.22756453765
58896.227599270445
58896.227634003255
58896.22766873627
58896.22770347017
58896.22773820246
58896.22777293431
58896.22780766708
58896.22784240031
58896.22787713276
58896.22791186633
58896.22794659935
58896.22798133201
58896.22801606596
58896.22805079752
58896.228085531606
58896.22812026291
58896.22815499678
58896.22818972876
58896.228224461345
58896.228259194715
58896.228293928245
58896.22832866083
58896.22836339326
58896.228398126674
58896.22843285954
58896.22846759189
58896.228502324455
58896.228537057854
58896.22857179126
58896.22860652372
58896.228641256734
58896.22867598958
58896.228710723495
58896.22874545578
58896.22878018724
58896.228814921014
58896.22884965342
58896.228884387136
58896.2289191193
58896.22895385176
58896.228988584546
58896.229023317355
58896.22905805294
58896.22909278311
58896.229127515944
58896.22916224893
58896.22919698223
58896.22923171548
58896.22926644833
58896.229301180894
58896.22933591323
58896.2293706476
58896.22940537936
58896.22944011276
58896.22947484463
58896.229509577766
58896.229544311514
58896.22957904368
58896.22961377814
58896.229648509674
58896.22968324349
58896.22971797459
58896.2297527077
58896.22978744008
58896.229822173365
58896.229856906575
58896.22989163908
58896.229926373344
58896.22996110522
58896.22999583893
58896.23003057095
58896.230065304655
58896.23010003783
58896.23013476959
58896.23016950193
58896.23020423478
58896.2302389688
58896.23027370197
58896.230308434526
58896.23034316639
58896.23037790022
58896.23041263313
58896.23044736669
58896.230482099
58896.23051683252
58896.23055156621
58896.230586296966
58896.23062103026
58896.23065576361
58896.23069049514
58896.23072522804
58896.23075996101
58896.230794694646
58896.23082942739
58896.23086416087
58896.23089889424
58896.23093362631
58896.23096835957
58896.231003091525
58896.23103782437
58896.23107255701
58896.231107291314
58896.23114202357
58896.23117675521
58896.231211488994
58896.23124622202
58896.2312809561
58896.23131568761
58896.23135041987
58896.23138515347
58896.23141988558
58896.2314546233
58896.231489354344
58896.231524085866
58896.23155881935
58896.231593551915
58896.23162828341
58896.231663015285
58896.231697748895
58896.23173248238
58896.23176721454
58896.23180194787
58896.23183668131
58896.23187141323
58896.23190614677
58896.231940879
58896.2319756117
58896.232010344596
58896.232045076635
58896.23207981007
58896.232114542756
58896.232149276504
58896.23218400996
58896.23221874263
58896.23225347393
58896.2322882069
58896.2323229408
58896.23235767457
58896.232392406266
58896.23242713833
58896.23246187125
58896.23249660421
58896.23253133907
58896.232566071536
58896.23260080428
58896.23263553716
58896.23267026989
58896.23270500235
58896.232739734915
58896.23277446769
58896.23280920057
58896.23284393481
58896.23287866788
58896.23291340009
58896.232948132994
58896.232982865906
58896.233017598795
58896.233052331285
58896.23308706452
58896.23312179746
58896.23315652966
58896.23319126302
58896.233225996024
58896.2332607285
58896.23329546068
58896.23333019366
58896.233364927226
58896.233399659555
58896.23343439271
58896.233469126186
58896.23350386647
58896.233538590306
58896.23357332476
58896.23360805751
58896.2336427904
58896.233677523815
58896.23371225551
58896.233746989055
58896.23378172147
58896.233816453554
58896.23385118659
58896.23388591957
58896.23392065198
58896.23395538568
58896.23399011872
58896.23402485211
58896.23405958381
58896.234094316605
58896.23412904961
58896.23416378392
58896.234198516526
58896.23423324865
58896.23426798271
58896.234302715195
58896.23433744792
58896.23437218078
58896.23440691254
58896.23444164591
58896.23447637898
58896.234511112234
58896.23454584503
58896.23458057809
58896.23461530989
58896.234650042126
58896.23468477554
58896.23471950991
58896.234754241894
58896.23478897545
58896.23482370759
58896.23485844041
58896.23489317387
58896.234927906284
58896.234962639035
58896.2349973729
58896.23503210458
58896.23506683813
58896.235101571416
58896.23513630343
58896.23517103626
58896.23520576956
58896.235240501286
58896.23527523604
58896.23530996667
58896.235344701025
58896.23537943292
58896.23541416548
58896.23544890005
58896.23548363103
58896.23551836439
58896.23555309808
58896.23558783115
58896.23562256357
58896.23565729591
58896.23569202974
58896.23572676265
58896.23576149553
58896.23579622846
58896.235830961916
58896.235865693925
58896.23590042629
58896.235935159784
58896.23596989234
58896.2360046257
58896.23603935746
58896.236074089975
58896.236108823934
58896.23614355608
58896.23617828945
58896.236213023265
58896.23624775476
58896.2362824882
58896.23631722064
58896.23635195435
58896.236386686236
58896.23642141912
58896.236456153165
58896.23649088541
58896.23652561818
58896.236560351805
58896.23659508339
58896.23662981634
58896.236664550495
58896.23669928235
58896.23673401558
58896.23676874793
58896.2368034819
58896.23683821474
58896.23687294625
58896.23690767894
58896.236942412324
58896.23697714625
58896.2370118785
40587.00325063637
