5.889622688892616861e+04
5.889622692365708645e+04
5.889622695839383232e+04
5.889622699313054909e+04
5.889622702786558511e+04
5.889622706260252016e+04
5.889622709733872762e+04
5.889622713207470224e+04
5.889622716681112070e+04
5.889622720154841227e+04
5.889622723628363747e+04
5.889622727101964847e+04
5.889622730575544847e+04
5.889622734049323481e+04
5.889622737522786338e+04
5.889622740996369976e+04
5.889622744470065663e+04
5.889622747943751165e+04
5.889622751417307882e+04
5.889622754890972283e+04
5.889622758364622132e+04
5.889622761838202132e+04
5.889622765311779222e+04
5.889622768785426160e+04
5.889622772259026533e+04
5.889622775732885930e+04
5.889622779206316773e+04
5.889622782679949160e+04
5.889622786153636844e+04
5.889622789627304883e+04
5.889622793100886338e+04
5.889622796574463428e+04
5.889622800048041972e+04
5.889622803521736932e+04
5.889622806995243445e+04
5.889622810468826356e+04
5.889622813942631910e+04
5.889622817416155158e+04
5.889622820889727154e+04
5.889622824363355176e+04
5.889622827837072691e+04
5.889622831310683250e+04
5.889622834784298902e+04
5.889622838257883996e+04
5.889622841731590597e+04
5.889622845205223712e+04
5.889622848678794253e+04
5.889622852152407722e+04
5.889622855626023374e+04
5.889622859099659399e+04
5.889622862573383463e+04
5.889622866046946729e+04
5.889622869520465611e+04
5.889622872994076897e+04
5.889622876467734022e+04
5.889622879941313295e+04
5.889622883415004617e+04
5.889622886888640642e+04
5.889622890362241014e+04
5.889622893835970171e+04
5.889622897309460677e+04
5.889622900783202931e+04
5.889622904256667243e+04
5.889622907730389124e+04
5.889622911203921103e+04
5.889622914677513472e+04
5.889622918151185149e+04
5.889622921624872106e+04
5.889622925098464475e+04
5.889622928572042292e+04
5.889622932045717607e+04
5.889622935519338353e+04
5.889622938992908166e+04
5.889622942466498353e+04
5.889622945940172212e+04
5.889622949413847527e+04
5.889622952887427527e+04
5.889622956361062825e+04
5.889622959834682115e+04
5.889622963308407634e+04
5.889622966781970172e+04
5.889622970255450491e+04
5.889622973729162186e+04
5.889622977202736365e+04
5.889622980676442239e+04
5.889622984149993135e+04
5.889622987623573863e+04
5.889622991097185877e+04
5.889622994570801529e+04
5.889622998044693668e+04
5.889623001518045930e+04
5.889623004991663038e+04
5.889623008465295425e+04
5.889623011938960553e+04
5.889623015412619134e+04
5.889623018886239151e+04
5.889623022359829338e+04
5.889623025833396969e+04
5.889623029307168326e+04
5.889623032780678477e+04
5.889623036254353065e+04
5.889623039727874129e+04
5.889623043201521796e+04
5.889623046675230580e+04
5.889623050148781476e+04
5.889623053622561565e+04
5.889623057096049160e+04
5.889623060569765221e+04
5.889623064043209160e+04
5.889623067516855372e+04
5.889623070990427368e+04
5.889623074464089586e+04
5.889623077937744529e+04
5.889623081411329622e+04
5.889623084885090793e+04
5.889623088358612586e+04
5.889623091832317732e+04
5.889623095305853349e+04
5.889623098779558495e+04
5.889623102253209800e+04
5.889623105726719950e+04
5.889623109200288309e+04
5.889623112673907599e+04
5.889623116147644032e+04
5.889623119621295336e+04
5.889623123094885523e+04
5.889623126568405860e+04
5.889623130042122648e+04
5.889623133515748486e+04
5.889623136989438353e+04
5.889623140463003801e+04
5.889623143936690030e+04
5.889623147410392994e+04
5.889623150883802737e+04
5.889623154357467138e+04
5.889623157831135904e+04
5.889623161304623500e+04
5.889623164778247155e+04
5.889623168251878815e+04
5.889623171725576685e+04
5.889623175199185062e+04
5.889623178672867652e+04
5.889623182146538602e+04
5.889623185620080039e+04
5.889623189093740075e+04
5.889623192567269871e+04
5.889623196040889161e+04
5.889623199514487351e+04
5.889623202988251433e+04
5.889623206461811787e+04
5.889623209935309569e+04
5.889623213409021992e+04
5.889623216882660199e+04
5.889623220356400998e+04
5.889623223829887138e+04
5.889623227303447493e+04
5.889623230777141725e+04
5.889623234250686801e+04
5.889623237724792853e+04
5.889623241198231699e+04
5.889623244671718567e+04
5.889623248145401158e+04
5.889623251618992072e+04
5.889623255092475301e+04
5.889623258565997094e+04
5.889623262039692054e+04
5.889623265513375372e+04
5.889623268986925541e+04
5.889623272460592852e+04
5.889623275934271078e+04
5.889623279407796508e+04
5.889623282881485648e+04
5.889623286355042364e+04
5.889623289828647103e+04
5.889623293302271486e+04
5.889623296775809285e+04
5.889623300249487511e+04
5.889623303723090066e+04
5.889623307196799578e+04
5.889623310670478531e+04
5.889623314144080359e+04
5.889623317617544672e+04
5.889623321091175603e+04
5.889623324564899667e+04
5.889623328038611362e+04
5.889623331512114964e+04
5.889623334985656402e+04
5.889623338459282240e+04
5.889623341932912444e+04
5.889623345406732551e+04
5.889623348880313279e+04
5.889623352353922382e+04
5.889623355827544583e+04
5.889623359301152232e+04
5.889623362774732232e+04
5.889623366248323146e+04
5.889623369721934432e+04
5.889623373195557360e+04
5.889623376669315621e+04
5.889623380142956012e+04
5.889623383616512001e+04
5.889623387090137112e+04
5.889623390563762223e+04
5.889623394037385151e+04
5.889623397510968789e+04
5.889623400984625914e+04
5.889623404458254663e+04
5.889623407931809925e+04
5.889623411405479419e+04
5.889623414879113989e+04
5.889623418352695444e+04
5.889623421826249250e+04
5.889623425299880182e+04
5.889623428773571504e+04
5.889623432247139135e+04
5.889623435720788257e+04
5.889623439194470120e+04
5.889623442668833013e+04
5.889623446141551540e+04
5.889623449615330901e+04
5.889623453088940732e+04
5.889623456562563661e+04
5.889623460036238976e+04
5.889623463509743306e+04
5.889623466983431717e+04
5.889623470457008079e+04
5.889623473930550244e+04
5.889623477404188452e+04
5.889623480877820839e+04
5.889623484351395746e+04
5.889623487825100165e+04
5.889623491298738372e+04
5.889623494772411505e+04
5.889623498245916562e+04
5.889623501719530032e+04
5.889623505193165329e+04
5.889623508666930138e+04
5.889623512140525418e+04
5.889623515614071948e+04
5.889623519087812747e+04
5.889623522561394930e+04
5.889623526035001851e+04
5.889623529508621868e+04
5.889623532982132747e+04
5.889623536455803696e+04
5.889623539929444814e+04
5.889623543403105577e+04
5.889623546876718319e+04
5.889623550350359437e+04
5.889623553823873954e+04
5.889623557297431398e+04
5.889623560771107441e+04
5.889623564244878071e+04
5.889623567718411505e+04
5.889623571192101372e+04
5.889623574665650085e+04
5.889623578139265737e+04
5.889623581612945418e+04
5.889623585086521780e+04
5.889623588560131611e+04
5.889623592033852037e+04
5.889623595507354912e+04
5.889623598981044051e+04
5.889623602454706997e+04
5.889623605928243342e+04
5.889623609401860449e+04
5.889623612875524850e+04
5.889623616349031363e+04
5.889623619822841283e+04
5.889623623296239384e+04
5.889623626770007832e+04
5.889623630243531807e+04
5.889623633717122721e+04
5.889623637190913723e+04
5.889623640664346749e+04
5.889623644138016243e+04
5.889623647611719935e+04
5.889623651085361053e+04
5.889623654558937415e+04
5.889623658032506501e+04
5.889623661506223289e+04
5.889623664979848400e+04
5.889623668453471328e+04
5.889623671927097894e+04
5.889623675400778302e+04
5.889623678874313191e+04
5.889623682347884460e+04
5.889623685821567778e+04
5.889623689295158692e+04
5.889623692768828914e+04
5.889623696242339065e+04
5.889623699715924886e+04
5.889623703189655498e+04
5.889623706663204212e+04
5.889623710136875161e+04
5.889623713610591221e+04
5.889623717084074451e+04
5.889623720557753404e+04
5.889623724031331949e+04
5.889623727505037095e+04
5.889623730978560343e+04
5.889623734452183271e+04
5.889623737925921887e+04
5.889623741399480787e+04
5.889623744873092073e+04
5.889623748346788489e+04
5.889623751820281905e+04
5.889623755293910654e+04
5.889623758767661639e+04
5.889623762241180521e+04
5.889623765714838373e+04
5.889623769188407459e+04
5.889623772662139527e+04
5.889623776135758089e+04
5.889623779609242774e+04
5.889623783082846057e+04
5.889623786556519190e+04
5.889623790030246164e+04
5.889623793503805064e+04
4.058700000000000000e+04
