-0.001818255537849612
-0.0018182588611789468
-0.0018182621851387491
-0.0018182655094374936
-0.001818268833587168
-0.001818272157758886
-0.001818275481939981
-0.0018182788061262107
-0.0018182821303408252
-0.0018182854545648025
-0.0018182887788340666
-0.001818292105016166
-0.0018182954270520993
-0.001818298753419829
-0.0018183020756730476
-0.0018183053999721996
-0.0018183087244877576
-0.00181831205049787
-0.001818315372429343
-0.0018183186989863332
-0.0018183220211118473
-0.0018183253473812026
-0.0018183286696986586
-0.0018183319942395176
-0.0018183353183735451
-0.0018183386426436651
-0.001818341967094254
-0.0018183452933415302
-0.0018183486155586494
-0.0018183519421373045
-0.001818355264233652
-0.0018183585902204016
-0.0018183619129354196
-0.001818365237356282
-0.0018183685617167765
-0.0018183718881042438
-0.0018183752104276804
-0.0018183785370450968
-0.0018183818592582938
-0.001818385185856336
-0.0018183885081473133
-0.0018183918326258877
-0.0018183951569996834
-0.0018183984813194146
-0.0018184018059083367
-0.0018184051303079486
-0.0018184084547570468
-0.0018184117813345687
-0.0018184151037422944
-0.0018184184302708372
-0.0018184217526760432
-0.0018184250791830588
-0.0018184284015857377
-0.0018184317282973152
-0.0018184350507882959
-0.0018184383753401536
-0.0018184416997808635
-0.0018184450264472274
-0.0018184483488655392
-0.0018184516734418904
-0.0018184549979873771
-0.00181845832477546
-0.0018184616472097833
-0.0018184649739340414
-0.0018184682962284664
-0.0018184716229670789
-0.0018184749455293864
-0.0018184782716421332
-0.0018184815947448639
-0.001818484919714107
-0.001818488243705893
-0.0018184915684845116
-0.0018184948933400117
-0.0018184982200366922
-0.0018185015425041245
-0.0018185048693841496
-0.0018185081917285538
-0.001818511518756007
-0.0018185148412457254
-0.001818518168399477
-0.001818521490605547
-0.0018185248158719596
-0.0018185281402285072
-0.00181853146744257
-0.0018185347897342547
-0.0018185381165780556
-0.0018185414388650054
-0.0018185447660886416
-0.001818548088356028
-0.0018185514155326897
-0.0018185547380045117
-0.0018185580631585136
-0.001818561387846326
-0.0018185647124926844
-0.0018185680371208173
-0.0018185713622948837
-0.0018185746870154412
-0.0018185780117684846
-0.0018185813366047214
-0.0018185846637047815
-0.00181858798615697
-0.0018185913113991413
-0.0018185946363230275
-0.0018185979630543293
-0.0018186012860103914
-0.0018186046107083896
-0.001818607935806531
-0.0018186112606307218
-0.0018186145855190966
-0.001818617912597382
-0.0018186212354101192
-0.0018186245624666989
-0.0018186278874067325
-0.0018186312102027372
-0.0018186345349858056
-0.0018186378619905116
-0.0018186411847845555
-0.0018186445100390085
-0.0018186478351251533
-0.0018186511600218913
-0.0018186544848242676
-0.0018186578098260422
-0.001818661134746147
-0.0018186644598888941
-0.0018186677849943394
-0.0018186711099293532
-0.0018186744347742547
-0.0018186777599030499
-0.0018186810849417305
-0.0018186844123161872
-0.0018186877352706547
-0.001818691062790287
-0.0018186943854334515
-0.0018186977105307406
-0.001818701035402651
-0.0018187043605140823
-0.001818707685765714
-0.001818711013069988
-0.0018187143358548378
-0.0018187176637247822
-0.0018187209863335834
-0.0018187243117895708
-0.001818727636637683
-0.0018187309644492546
-0.001818734286832646
-0.001818737612498613
-0.0018187409372798478
-0.0018187442623830014
-0.0018187475874931905
-0.0018187509129802535
-0.0018187542379967767
-0.0018187575631661557
-0.0018187608884756975
-0.0018187642139233175
-0.0018187675388982533
-0.0018187708641275036
-0.0018187741893912373
-0.0018187775147803598
-0.0018187808400983287
-0.001818784167498594
-0.0018187874904426007
-0.0018187908179351133
-0.001818794141022069
-0.0018187974662970004
-0.0018188007916127543
-0.001818804119285563
-0.0018188074426647672
-0.001818810769954298
-0.0018188140928170873
-0.0018188174204736068
-0.0018188207436230417
-0.001818824071160463
-0.0018188273943112237
-0.0018188307219451126
-0.0018188340451437079
-0.0018188373705176131
-0.0018188406959281206
-0.0018188440214534092
-0.001818847346620103
-0.0018188506720177955
-0.0018188539972618944
-0.001818857322939888
-0.0018188606482677056
-0.0018188639738497994
-0.0018188672991683555
-0.0018188706249440724
-0.0018188739502829714
-0.0018188772778880951
-0.0018188806009331198
-0.001818883926590974
-0.0018188872523001878
-0.0018188905798170528
-0.001818893903054816
-0.0018188972307314802
-0.0018189005541036829
-0.0018189038796512594
-0.0018189072050789914
-0.001818910532999153
-0.0018189138563802197
-0.001818917184064949
-0.0018189205073288945
-0.001818923832933119
-0.0018189271584301472
-0.0018189304839405084
-0.0018189338094303517
-0.0018189371352082399
-0.0018189404609296998
-0.0018189437887124599
-0.0018189471120785776
-0.0018189504401183055
-0.0018189537632193587
-0.0018189570888868278
-0.0018189604144809436
-0.0018189637423477129
-0.0018189670660768028
-0.0018189703915099868
-0.0018189737171044264
-0.0018189770453392897
-0.0018189803685656285
-0.0018189836963472782
-0.001818987019750239
-0.001818990345533667
-0.0018189936715015665
-0.0018189969970388944
-0.0018190003227776
-0.001819003648489444
-0.001819006974248349
-0.0018190103021066624
-0.001819013625647483
-0.0018190169537162207
-0.0018190202774188268
-0.0018190236052435642
-0.0018190269288014687
-0.0018190302570712438
-0.0018190335802688775
-0.0018190369060668474
-0.0018190402318844399
-0.0018190435577744347
-0.001819046883688271
-0.001819050209429357
-0.0018190535352534325
-0.0018190568635447324
-0.0018190601869223246
-0.0018190635126973814
-0.0018190668386315206
-0.0018190701645450901
-0.0018190734904401872
-0.0018190768183861282
-0.0018190801421179167
-0.0018190834703778014
-0.0018190867939077875
-0.001819090119771841
-0.0018190934457315694
-0.0018190967717172113
-0.001819100097796392
-0.0018191034258376486
-0.0018191067494660108
-0.0018191100755383643
-0.001819113401283646
-0.0018191167294518088
-0.0018191200533021219
-0.001819123379330138
-0.0018191267054812942
-0.0018191300335395793
-0.001819133357254625
-0.0018191366834179382
-0.0018191400092795128
-0.0018191433352515154
-0.0018191466612853674
-0.0018191499874127342
-0.0018191533135448392
-0.0018191566394259375
-0.001819159965559096
-0.0018191632915765148
-0.0018191666176324817
-0.0018191699436361489
-0.0018191732698178598
-0.0018191765982005883
-0.0018191799220158456
-0.0018191832503319412
-0.0018191865741101665
-0.0018191899004149285
-0.0018191932264559458
-0.0018191965526877072
-0.0018191998788164038
-0.001819203204797629
-0.0018192065311450627
-0.0018192098592834103
-0.0018192131834947002
-0.0018192165119659289
-0.0018192198356328185
-0.0018192231643354485
-0.001819226488015982
-0.0018192298165948743
-0.001819233140386296
-0.0018192364687695823
-0.0018192397927712328
-0.0018192431191578363
-0.001819246445369468
-0.0018192497739745461
-0.0018192530978406798
-0.0018192564263177558
-0.0018192597503560485
-0.0018192630787812305
-0.001819266402708427
-0.0018192697315235044
-0.0018192730552677153
-0.0018192763816125372
-0.001819279707953576
-0.0018192830365972024
-0.0018192863607660178
-0.001819289686930883
-0.001819293013248405
-0.0018192963420037922
-0.0018192996659461146
-0.0018193029923305286
-0.0018193063187830392
-0.0018193096472717792
-0.0018193129713088708
0.0027855507409706125
