1.582003880194338799e+09
1.582003883194815636e+09
1.582003886195854902e+09
1.582003889197193861e+09
1.582003892198391676e+09
1.582003895199602604e+09
1.582003898200816154e+09
1.582003901202026844e+09
1.582003904203257084e+09
1.582003907204488754e+09
1.582003910205755472e+09
1.582003913208742142e+09
1.582003916207980156e+09
1.582003919211121321e+09
1.582003922210541487e+09
1.582003925211801291e+09
1.582003928213250875e+09
1.582003931216043234e+09
1.582003934215147018e+09
1.582003937218420029e+09
1.582003940217685699e+09
1.582003943220685482e+09
1.582003946220112801e+09
1.582003949221538305e+09
1.582003952222592115e+09
1.582003955223761320e+09
1.582003958225086689e+09
1.582003961228027821e+09
1.582003964227323055e+09
1.582003967230551481e+09
1.582003970229725122e+09
1.582003973232405424e+09
1.582003976232124567e+09
1.582003979233376980e+09
1.582003982234570503e+09
1.582003985237585545e+09
1.582003988236925364e+09
1.582003991240136147e+09
1.582003994239362955e+09
1.582003997242543459e+09
1.582004000241826534e+09
1.582004003243080378e+09
1.582004006244232416e+09
1.582004009245329380e+09
1.582004012246663332e+09
1.582004015247817516e+09
1.582004018249012947e+09
1.582004021252121687e+09
1.582004024251459122e+09
1.582004027254511118e+09
1.582004030253833771e+09
1.582004033256852865e+09
1.582004036256160259e+09
1.582004039259352684e+09
1.582004042258725643e+09
1.582004045259955168e+09
1.582004048261076450e+09
1.582004051264199734e+09
1.582004054263483763e+09
1.582004057264708281e+09
1.582004060265897274e+09
1.582004063269105673e+09
1.582004066268377781e+09
1.582004069271514654e+09
1.582004072270647764e+09
1.582004075273784637e+09
1.582004078273146868e+09
1.582004081275705099e+09
1.582004084275541067e+09
1.582004087277056217e+09
1.582004090277681112e+09
1.582004093279011250e+09
1.582004096280403376e+09
1.582004099283452272e+09
1.582004102282675266e+09
1.582004105285875559e+09
1.582004108284975529e+09
1.582004111288295269e+09
1.582004114287514925e+09
1.582004117290935755e+09
1.582004120289885044e+09
1.582004123291589737e+09
1.582004126292467356e+09
1.582004129295917273e+09
1.582004132294918060e+09
1.582004135298020840e+09
1.582004138297005415e+09
1.582004141300438404e+09
1.582004144299390316e+09
1.582004147302769661e+09
1.582004150301893711e+09
1.582004153303433180e+09
1.582004156304544210e+09
1.582004159305612803e+09
1.582004162306658745e+09
1.582004165308189869e+09
1.582004168309305191e+09
1.582004171310444117e+09
1.582004174311651707e+09
1.582004177314895153e+09
1.582004180313937902e+09
1.582004183315492868e+09
1.582004186316754580e+09
1.582004189319639444e+09
1.582004192319110632e+09
1.582004195320148706e+09
1.582004198321541786e+09
1.582004201322679281e+09
1.582004204323870182e+09
1.582004207327030897e+09
1.582004210326333761e+09
1.582004213329462051e+09
1.582004216330672979e+09
1.582004219329942465e+09
1.582004222330999136e+09
1.582004225334055185e+09
1.582004228333304167e+09
1.582004231334767342e+09
1.582004234336070776e+09
1.582004237337199211e+09
1.582004240338233471e+09
1.582004243339442968e+09
1.582004246340571880e+09
1.582004249341897011e+09
1.582004252343180895e+09
1.582004255344303370e+09
1.582004258345339298e+09
1.582004261346624374e+09
1.582004264347822666e+09
1.582004267351121902e+09
1.582004270350426912e+09
1.582004273353844404e+09
1.582004276352854490e+09
1.582004279354073286e+09
1.582004282355082035e+09
1.582004285356301069e+09
1.582004288357640505e+09
1.582004291360825777e+09
1.582004294359924793e+09
1.582004297363606930e+09
1.582004300362536669e+09
1.582004303364027262e+09
1.582004306364964008e+09
1.582004309368568897e+09
1.582004312367267132e+09
1.582004315368923187e+09
1.582004318369774580e+09
1.582004321370909929e+09
1.582004324372043848e+09
1.582004327373512268e+09
1.582004330374550819e+09
1.582004333375720263e+09
1.582004336377008677e+09
1.582004339378416538e+09
1.582004342379390478e+09
1.582004345380589724e+09
1.582004348381811380e+09
1.582004351383140564e+09
1.582004354384399652e+09
1.582004357387531996e+09
1.582004360386636019e+09
1.582004363389837503e+09
1.582004366389057159e+09
1.582004369390246391e+09
1.582004372391464710e+09
1.582004375394805193e+09
1.582004378394263268e+09
1.582004381397243023e+09
1.582004384396222830e+09
1.582004387399522543e+09
1.582004390398748398e+09
1.582004393401928425e+09
1.582004396401141644e+09
1.582004399404397249e+09
1.582004402403641939e+09
1.582004405404842854e+09
1.582004408406071186e+09
1.582004411407396317e+09
1.582004414408392906e+09
1.582004417409589767e+09
1.582004420410643578e+09
1.582004423412081957e+09
1.582004426413197041e+09
1.582004429414536476e+09
1.582004432415630102e+09
1.582004435417130947e+09
1.582004438418232203e+09
1.582004441421370745e+09
1.582004444420389652e+09
1.582004447421759367e+09
1.582004450423168182e+09
1.582004453426203489e+09
1.582004456425368547e+09
1.582004459428535223e+09
1.582004462427811146e+09
1.582004465429043293e+09
1.582004468430159807e+09
1.582004471433520794e+09
1.582004474432779551e+09
1.582004477435915470e+09
1.582004480435054064e+09
1.582004483436301231e+09
1.582004486437442064e+09
1.582004489438591003e+09
1.582004492439714670e+09
1.582004495441090822e+09
1.582004498442410946e+09
1.582004501445585489e+09
1.582004504444766521e+09
1.582004507448159456e+09
1.582004510447090149e+09
1.582004513448329687e+09
1.582004516449497461e+09
1.582004519452708483e+09
1.582004522452181816e+09
1.582004525453184128e+09
1.582004528454327583e+09
1.582004531457846403e+09
1.582004534456839561e+09
1.582004537459935904e+09
1.582004540459076405e+09
1.582004543460358381e+09
1.582004546461799860e+09
1.582004549462846756e+09
1.582004552464068890e+09
1.582004555465262413e+09
1.582004558466489792e+09
1.582004561469606400e+09
1.582004564468821526e+09
1.582004567472115278e+09
1.582004570471463203e+09
1.582004573474524498e+09
1.582004576473727703e+09
1.582004579477178812e+09
1.582004582476045370e+09
1.582004585477252245e+09
1.582004588478472710e+09
1.582004591479749203e+09
1.582004594481042862e+09
1.582004597482173920e+09
1.582004600483372927e+09
1.582004603486793041e+09
1.582004606485772371e+09
1.582004609486909628e+09
1.582004612488183737e+09
1.582004615489433289e+09
1.582004618490659475e+09
1.582004621493730545e+09
1.582004624492991686e+09
1.582004627496333361e+09
1.582004630495401144e+09
1.582004633496568441e+09
1.582004636497816563e+09
1.582004639499081612e+09
1.582004642500424147e+09
1.582004645503530025e+09
1.582004648502649546e+09
1.582004651503966808e+09
1.582004654504984140e+09
1.582004657508180857e+09
1.582004660507474184e+09
1.582004663508727789e+09
1.582004666510086536e+09
1.582004669513158560e+09
1.582004672512305975e+09
1.582004675513656616e+09
1.582004678514729023e+09
1.582004681515893459e+09
1.582004684517109871e+09
1.582004687518402815e+09
1.582004690519693136e+09
1.582004693520751953e+09
1.582004696522031784e+09
1.582004699523201466e+09
1.582004702524398088e+09
1.582004705525544167e+09
1.582004708526842117e+09
1.582004711530121565e+09
1.582004714529272318e+09
1.582004717532477617e+09
1.582004720531583786e+09
1.582004723532963514e+09
1.582004726534097910e+09
1.582004729535397768e+09
1.582004732536599398e+09
1.582004735537662029e+09
1.582004738539050102e+09
1.582004741542045593e+09
1.582004744541492462e+09
1.582004747544776917e+09
1.582004750543720484e+09
1.582004753547201157e+09
1.582004756546144009e+09
1.582004759549500704e+09
1.582004762548532009e+09
1.582004765551700592e+09
1.582004768550909042e+09
1.582004771552262783e+09
1.582004774553452730e+09
1.582004777556797743e+09
1.582004780555858850e+09
1.582004783559075117e+09
1.582004786558278799e+09
1.582004789561436176e+09
1.582004792560528517e+09
1.582004795564023972e+09
1.582004798562939405e+09
1.582004801564194679e+09
1.582004804565438747e+09
1.582004807568756819e+09
1.582004810568029404e+09
1.582004813569097996e+09
1.582004816570297956e+09
1.582004819573690891e+09
1.582004822572735548e+09
1.582004825573977232e+09
1.582004828575274229e+09
1.582004831578402519e+09
1.582004834577506304e+09
0.000000000000000000e+00
