58897.229077340744
58897.229112065164
58897.22914679609
58897.229181530485
58897.22921626325
58897.22925099616
58897.2292857291
58897.229320462015
58897.22935519515
58897.22938992831
58897.22942466187
58897.22945941533
58897.22949412541
58897.22952888066
58897.22956359285
58897.22959832633
58897.22963306201
58897.22966781322
58897.22970252175
58897.229737278525
58897.229771988925
58897.22980674254
58897.22984145481
58897.22987619021
58897.229910921305
58897.22994565374
58897.22998038797
58897.230015140914
58897.230049851656
58897.230084607916
58897.23011931725
58897.23015406717
58897.23018878282
58897.23022351621
58897.23025824892
58897.230293002714
58897.23032771397
58897.230362470036
58897.230397179985
58897.23043193569
58897.230466646295
58897.2305013797
58897.230536111936
58897.23057084353
58897.23060557787
58897.230640310125
58897.230675042854
58897.23070979773
58897.23074450896
58897.230779263184
58897.230813974245
58897.23084872808
58897.23088343897
58897.23091819481
58897.23095290645
58897.23098763958
58897.23102237146
58897.231057126504
58897.231091837115
58897.23112657019
58897.23116130284
58897.23119605888
58897.23123076935
58897.23126552455
58897.23130023342
58897.23133498862
58897.23136970014
58897.23140444864
58897.23143916564
58897.23147390208
58897.23150862821
58897.2315433625
58897.23157809751
58897.2316128517
58897.2316475616
58897.231682317535
58897.23171702602
58897.231751783336
58897.231786493205
58897.23182125169
58897.23185595843
58897.23189069706
58897.23192542612
58897.23196018494
58897.231994892274
58897.23202964708
58897.232064354226
58897.23209911286
58897.23213381963
58897.23216857763
58897.232203286396
58897.23223802311
58897.23227275487
58897.232307486134
58897.23234221714
58897.232376953754
58897.23241168556
58897.23244641764
58897.23248115052
58897.23251590695
58897.23255061477
58897.23258535167
58897.23262008517
58897.232654837455
58897.23268955023
58897.232724281144
58897.232759016166
58897.232793748226
58897.232828480905
58897.232863236386
58897.232897947215
58897.23293270232
58897.23296743523
58897.23300214567
58897.2330368768
58897.23307163107
58897.23310634128
58897.23314107711
58897.23317581109
58897.23321054305
58897.233245273914
58897.23328000681
58897.233314738776
58897.23334947301
58897.23338420677
58897.23341893865
58897.23345366954
58897.23348840331
58897.23352313608
58897.23355789316
58897.23359260402
58897.23362736247
58897.233662069906
58897.23369680291
58897.23373153348
58897.23376626649
58897.23380100089
58897.23383575665
58897.23387046512
58897.23390522663
58897.23393993315
58897.233974669296
58897.234009399035
58897.23404415965
58897.23407886348
58897.234113601546
58897.2341483303
58897.23418306234
58897.23421779436
58897.23425253025
58897.23428726117
58897.2343219936
58897.23435672741
58897.2343914626
58897.23442619277
58897.23446092555
58897.23449565859
58897.23453039287
58897.23456512634
58897.234599881485
58897.234634590015
58897.23466934596
58897.23470405583
58897.234738788495
58897.234773521486
58897.23480827905
58897.234842991675
58897.23487774505
58897.23491245215
58897.23494720923
58897.23498191917
58897.23501667487
58897.23505138467
58897.23508614124
58897.2351208514
58897.235155584196
58897.23519031731
58897.23522505154
58897.23525978198
58897.23529451472
58897.23532924582
58897.23536398136
58897.235398713165
58897.23543344757
58897.23546817912
58897.235502915384
58897.23553764703
58897.23557240225
58897.2356071098
58897.23564184454
58897.235676579745
58897.23571133377
58897.23574604301
58897.23578079855
58897.23581550907
58897.23585024223
58897.23588497405
58897.235919731844
58897.23595444216
58897.235989197354
58897.236023906284
58897.23605863961
58897.236093371714
58897.236128103905
58897.23616283581
58897.23619757064
58897.23623230481
58897.23626706045
58897.236301769866
58897.23633652803
58897.236371234554
58897.2364059678
58897.23644070021
58897.236475456266
58897.236510169074
58897.23654489957
58897.2365796317
58897.236614391324
58897.236649098566
58897.2366838533
58897.23671856225
58897.23675329598
58897.236788031565
58897.23682276258
58897.23685749562
58897.23689222833
58897.23692696143
58897.2369617164
58897.23699642621
58897.23703118323
58897.23706589458
58897.237100648905
58897.237135358584
58897.23717011742
58897.2372048232
58897.23723955607
58897.23727428909
58897.237309022756
58897.23734375663
58897.237378488615
58897.23741322139
58897.23744797987
58897.23748268695
58897.23751741901
58897.237552152656
58897.23758688601
58897.237621619104
58897.23765637354
58897.23769108389
58897.237725841456
58897.237760549564
58897.23779528197
58897.237830015314
58897.23786474885
58897.23789948329
58897.23793423813
58897.237968946836
58897.238003680985
58897.238038411655
58897.238073167544
58897.238107878264
58897.23814261167
58897.23817734629
58897.23821210074
58897.23824680977
58897.238281544305
58897.23831627561
58897.23835100798
58897.23838574096
58897.238420474816
58897.23845520865
58897.2384899398
58897.23852467351
58897.238559405945
58897.23859413869
58897.23862887085
58897.23866360477
58897.23869836162
58897.23873307069
58897.23876782668
58897.238802535234
58897.2388372701
58897.238872002126
58897.238906736064
58897.23894146887
58897.23897620007
58897.23901093502
58897.23904568859
58897.23908040109
58897.239115157994
58897.23914986467
58897.239184623846
58897.239219330506
58897.23925408825
58897.23928879594
58897.239323551505
58897.23935826124
58897.239392995805
58897.23942772848
58897.23946248608
58897.23949719412
58897.23953195024
58897.23956665992
58897.23960141536
58897.23963612375
58897.2396708831
58897.23970558945
58897.23974032287
58897.239775056165
58897.23980981346
58897.23984452394
58897.239879255205
58897.239913987985
58897.23994874615
58897.23998345399
58897.24001818726
58897.240052921166
58897.24008767627
58897.24012238479
40587.00325064368
