1.581920595226179600e+09
1.581920598227092266e+09
1.581920601228209257e+09
1.581920604229446173e+09
1.581920607230610609e+09
1.581920610231814623e+09
1.581920613233014822e+09
1.581920616234340906e+09
1.581920619235588312e+09
1.581920622236675262e+09
1.581920625237914324e+09
1.581920628239212036e+09
1.581920631240389585e+09
1.581920634241545200e+09
1.581920637242866993e+09
1.581920640243978262e+09
1.581920643245311022e+09
1.581920646246562958e+09
1.581920649247745275e+09
1.581920652248931646e+09
1.581920655250096798e+09
1.581920658251260757e+09
1.581920661252540588e+09
1.581920664253764868e+09
1.581920667254884720e+09
1.581920670256208181e+09
1.581920673257299900e+09
1.581920676258551836e+09
1.581920679259788275e+09
1.581920682260939598e+09
1.581920685262181044e+09
1.581920688263359785e+09
1.581920691264560938e+09
1.581920694265890598e+09
1.581920697266982079e+09
1.581920700268267155e+09
1.581920703269480944e+09
1.581920706270725250e+09
1.581920709271893740e+09
1.581920712273012400e+09
1.581920715274228334e+09
1.581920718275477886e+09
1.581920721276693344e+09
1.581920724277957916e+09
1.581920727279147625e+09
1.581920730280356884e+09
1.581920733281529427e+09
1.581920736282734394e+09
1.581920739284027815e+09
1.581920742285242558e+09
1.581920745286323786e+09
1.581920748287649870e+09
1.581920751288857460e+09
1.581920754290148258e+09
1.581920757291196108e+09
1.581920760292430401e+09
1.581920763293735027e+09
1.581920766294831753e+09
1.581920769296034813e+09
1.581920772297318459e+09
1.581920775298497200e+09
1.581920778299704790e+09
1.581920781300915956e+09
1.581920784302157164e+09
1.581920787303302288e+09
1.581920790304474354e+09
1.581920793305842400e+09
1.581920796306920290e+09
1.581920799308131218e+09
1.581920802309412479e+09
1.581920805310658932e+09
1.581920808311840773e+09
1.581920811313085794e+09
1.581920814314254284e+09
1.581920817315417051e+09
1.581920820316588879e+09
1.581920823317786932e+09
1.581920826319047928e+09
1.581920829320304394e+09
1.581920832321460724e+09
1.581920835322674751e+09
1.581920838323836088e+09
1.581920841325049162e+09
1.581920844326352358e+09
1.581920847327593803e+09
1.581920850328722715e+09
1.581920853329885960e+09
1.581920856331140280e+09
1.581920859332343817e+09
1.581920862333497286e+09
1.581920865334742546e+09
1.581920868335924864e+09
1.581920871337131739e+09
1.581920874338393450e+09
1.581920877339656830e+09
1.581920880340803623e+09
1.581920883342013359e+09
1.581920886343183279e+09
1.581920889344533443e+09
1.581920892345816374e+09
1.581920895346899033e+09
1.581920898348665476e+09
1.581920901349313259e+09
1.581920904351754904e+09
1.581920907351692677e+09
1.581920910353978395e+09
1.581920913354207277e+09
1.581920916356297255e+09
1.581920919356479168e+09
1.581920922358661413e+09
1.581920925358910322e+09
1.581920928361075640e+09
1.581920931361586571e+09
1.581920934363710403e+09
1.581920937363860607e+09
1.581920940366007090e+09
1.581920943366248131e+09
1.581920946368401766e+09
1.581920949368605137e+09
1.581920952370776176e+09
1.581920955371145725e+09
1.581920958373685360e+09
1.581920961373426676e+09
1.581920964375887871e+09
1.581920967375942707e+09
1.581920970378610849e+09
1.581920973378309727e+09
1.581920976381135702e+09
1.581920979380708456e+09
1.581920982383577824e+09
1.581920985383174896e+09
1.581920988385581970e+09
1.581920991385546923e+09
1.581920994387687206e+09
1.581920997388005257e+09
1.581921000389351845e+09
1.581921003390471458e+09
1.581921006391645432e+09
1.581921009392763853e+09
1.581921012394106627e+09
1.581921015395252466e+09
1.581921018396516562e+09
1.581921021397686243e+09
1.581921024398939371e+09
1.581921027400139809e+09
1.581921030401264429e+09
1.581921033402521133e+09
1.581921036403761148e+09
1.581921039405024290e+09
1.581921042406125784e+09
1.581921045407359600e+09
1.581921048408653021e+09
1.581921051409740448e+09
1.581921054411087751e+09
1.581921057412146091e+09
1.581921060413404226e+09
1.581921063414694071e+09
1.581921066416679144e+09
1.581921069416977644e+09
1.581921072418229818e+09
1.581921075419495106e+09
1.581921078420661211e+09
1.581921081421865463e+09
1.581921084423162222e+09
1.581921087424318552e+09
1.581921090425559282e+09
1.581921093426707268e+09
1.581921096428576469e+09
1.581921099429137945e+09
1.581921102431318521e+09
1.581921105431536436e+09
1.581921108433601856e+09
1.581921111433960915e+09
1.581921114435166121e+09
1.581921117436292171e+09
1.581921120437592983e+09
1.581921123438873768e+09
1.581921126439992905e+09
1.581921129441116571e+09
1.581921132443321228e+09
1.581921135443541765e+09
1.581921138445859194e+09
1.581921141446074009e+09
1.581921144448156118e+09
1.581921147448493481e+09
1.581921150449604511e+09
1.581921153450968742e+09
1.581921156452997923e+09
1.581921159453332186e+09
1.581921162454520941e+09
1.581921165455668926e+09
1.581921168456940174e+09
1.581921171458212852e+09
1.581921174460203886e+09
1.581921177460522890e+09
1.581921180461685181e+09
1.581921183462967873e+09
1.581921186465104342e+09
1.581921189465308666e+09
1.581921192467378616e+09
1.581921195467803478e+09
1.581921198468946457e+09
1.581921201470339060e+09
1.581921204472288132e+09
1.581921207472605467e+09
1.581921210474766970e+09
1.581921213475005150e+09
1.581921216477114201e+09
1.581921219477528095e+09
1.581921222479545832e+09
1.581921225480026007e+09
1.581921228481952429e+09
1.581921231482308865e+09
1.581921234484370947e+09
1.581921237484725237e+09
1.581921240486826658e+09
1.581921243487192392e+09
1.581921246489203215e+09
1.581921249489606142e+09
1.581921252490739346e+09
1.581921255492055178e+09
1.581921258493215561e+09
1.581921261494817257e+09
1.581921264498715878e+09
1.581921267496798515e+09
1.581921270498641968e+09
1.581921273499224186e+09
1.581921276501300812e+09
1.581921279501602411e+09
1.581921282503814459e+09
1.581921285503978252e+09
1.581921288505325556e+09
1.581921291506617785e+09
1.581921294507688046e+09
1.581921297509019852e+09
1.581921300511117220e+09
1.581921303511372089e+09
1.581921306513472319e+09
1.581921309513698578e+09
1.581921312514977455e+09
1.581921315516142368e+09
1.581921318517364979e+09
1.581921321518647671e+09
1.581921324519740343e+09
1.581921327521056414e+09
1.581921330523116112e+09
1.581921333523390532e+09
1.581921336525494814e+09
1.581921339525872707e+09
1.581921342527846336e+09
1.581921345528305292e+09
1.581921348530194998e+09
1.581921351530733109e+09
1.581921354531844854e+09
1.581921357533139944e+09
1.581921360534275293e+09
1.581921363535554409e+09
1.581921366536627769e+09
1.581921369538017511e+09
1.581921372540037394e+09
1.581921375540548325e+09
1.581921378542448759e+09
1.581921381542900562e+09
1.581921384543924570e+09
1.581921387545143127e+09
1.581921390547250509e+09
1.581921393547623396e+09
1.581921396549686670e+09
1.581921399550073624e+09
1.581921402551203728e+09
1.581921405552484751e+09
1.581921408554585934e+09
1.581921411554921865e+09
1.581921414555986881e+09
1.581921417557319164e+09
1.581921420558411598e+09
1.581921423559642792e+09
1.581921426560908556e+09
1.581921429562039852e+09
1.581921432564239979e+09
1.581921435564477921e+09
1.581921438568279505e+09
1.581921441567028761e+09
1.581921444568998575e+09
1.581921447569407701e+09
1.581921450571421623e+09
1.581921453571828842e+09
1.581921456572993517e+09
1.581921459574292183e+09
1.581921462576616287e+09
1.581921465576728821e+09
1.581921468577826738e+09
1.581921471578947544e+09
1.581921474580193520e+09
1.581921477581455469e+09
1.581921480583557129e+09
1.581921483583865166e+09
1.581921486586121559e+09
1.581921489586267948e+09
1.581921492588301897e+09
1.581921495588699579e+09
1.581921498590751648e+09
1.581921501591066122e+09
1.581921504593168020e+09
1.581921507593518734e+09
1.581921510595602989e+09
1.581921513595996857e+09
1.581921516597034454e+09
1.581921519598404169e+09
1.581921522600420475e+09
1.581921525600917578e+09
1.581921528602919102e+09
1.581921531603224754e+09
1.581921534604354858e+09
1.581921537605593920e+09
1.581921540607679844e+09
1.581921543608083487e+09
1.581921546610174417e+09
1.581921549610459805e+09
1.581918160588449717e+09
