58895.26243216089
58895.26246688919
58895.26250162119
58895.26253635473
58895.26257108952
58895.26260582096
58895.26264055379
58895.2626752856
58895.262710018476
58895.262744752916
58895.26277948457
58895.26281421926
58895.262848949766
58895.26288368454
58895.26291841641
58895.262953149155
58895.26298788293
58895.26302261537
58895.26305734757
58895.263092081506
58895.2631268143
58895.26316154651
58895.26319628053
58895.2632310128
58895.263265745365
58895.263300477454
58895.263335211275
58895.26336994355
58895.263404676996
58895.26343940887
58895.26347414313
58895.26350887412
58895.26354360835
58895.263578341306
58895.263613074145
58895.263647806794
58895.26368253915
58895.2637172722
58895.26375200497
58895.26378673729
58895.26382147006
58895.26385620347
58895.26389093554
58895.263925670144
58895.26396040262
58895.263995135734
58895.26402986866
58895.26406460012
58895.26409933389
58895.26413406716
58895.2641688005
58895.26420353143
58895.264238264695
58895.26427299775
58895.264307730926
58895.264342463735
58895.264377196494
58895.264411928576
58895.26444666282
58895.26448139471
58895.26451612857
58895.264550860804
58895.26458559421
58895.264620325535
58895.26465505847
58895.264689791686
58895.264724526074
58895.26475925747
58895.2647939913
58895.26482872321
58895.26486345751
58895.264898190035
58895.26493292222
58895.26496765463
58895.26500238699
58895.26503711998
58895.26507185363
58895.265106593106
58895.265141320364
58895.26517605203
58895.26521078564
58895.265245518414
58895.265280250496
58895.265314982615
58895.26534971652
58895.26538444884
58895.26541918222
58895.26545391453
58895.26548864827
58895.26552337985
58895.26555811374
58895.2655928469
58895.265627579254
58895.26566231166
58895.26569704443
58895.265731778294
58895.265766511104
58895.265801243615
58895.26583597751
58895.2658707126
58895.26590544936
58895.265940179735
58895.26597490909
58895.266009640465
58895.26604437476
58895.26607910569
58895.26611384006
58895.26614857204
58895.26618331065
58895.26621803849
58895.26625278902
58895.26628750367
58895.26632223588
58895.26635696883
58895.26639170203
58895.2664264355
58895.26646117807
58895.26649589973
58895.26653063782
58895.26656540257
58895.26660009833
58895.26663483442
58895.26666957175
58895.266704298396
58895.266739031315
58895.26677376422
58895.26680849755
58895.26684322885
58895.26687796192
58895.26691269536
58895.26694742773
58895.26698216017
58895.26701689397
58895.2670516255
58895.26708635883
58895.267121092074
58895.26715582402
58895.26719055786
58895.26722529077
58895.267260023415
58895.26729475701
58895.267329489776
58895.2673642216
58895.26739895557
58895.26743368878
58895.26746841977
58895.26750315311
58895.26753788643
58895.267572619225
58895.26760735166
58895.26764208488
58895.26767681777
58895.2677115513
58895.26774628372
58895.26778101683
58895.26781574927
58895.26785048333
58895.26788521451
58895.26791994794
58895.26795468019
58895.26798941417
58895.26802414543
58895.26805887889
58895.26809361222
58895.268128345146
58895.26816307814
58895.2681978101
58895.26823255107
58895.26826727884
58895.26830201127
58895.26833674552
58895.26837147493
58895.26840620816
58895.2684409415
58895.2684756835
58895.26851040803
58895.268545140665
58895.26857987185
58895.26861460594
58895.26864933871
58895.26868407026
58895.268718804895
58895.26875353716
58895.26878826952
58895.26882300241
58895.268857735275
58895.26889246916
58895.26892720142
58895.26896193436
58895.26899666779
58895.26903139867
58895.26906613197
58895.26910086527
58895.269135597264
58895.26917033094
58895.269205064425
58895.26923979838
58895.26927452958
58895.26930926298
58895.26934399539
58895.269378728815
58895.26941346016
58895.26944819385
58895.26948292844
58895.269517660665
58895.26955239251
58895.269587125826
58895.2696218592
58895.2696565922
58895.26969132461
58895.26972605793
58895.269760789226
58895.269795523105
58895.26983025645
58895.2698649889
58895.26989972216
58895.269934455195
58895.26996918638
58895.270003920414
58895.270038652125
58895.27007338615
58895.27010811912
58895.27014285074
58895.2701775841
58895.27021231659
58895.27024705076
58895.270281782774
58895.27031651552
58895.2703512494
58895.270385981916
58895.27042071472
58895.27045544644
58895.27049018095
58895.27052491143
58895.27055964665
58895.270594378
58895.270629111896
58895.270663844756
58895.270698576554
58895.27073330992
58895.2707680423
58895.270802777515
58895.27083750912
58895.270872242494
58895.27090697413
58895.270941706585
58895.27097643999
58895.2710111724
58895.27104590571
58895.27108063875
58895.271115371404
58895.2711501048
58895.271184838166
58895.2712195695
58895.27125430319
58895.27128903695
58895.271323769266
58895.27135850394
58895.27139323536
58895.271427967455
58895.271462699144
58895.27149743394
58895.27153216596
58895.27156689871
58895.27160163153
58895.271636363854
58895.27167109732
58895.27170582964
58895.2717405635
58895.27177529722
58895.27181002888
58895.27184476202
58895.27187949446
58895.27191422788
58895.2719489601
58895.27198369267
58895.272018426
58895.27205315822
58895.27208789115
58895.27212262508
58895.272157358326
58895.27219208974
58895.27222682306
58895.27226155639
58895.2722962883
58895.27233102121
58895.27236575515
58895.27240048744
58895.27243522089
58895.272469953794
58895.27250468616
58895.272539420956
58895.27257415351
58895.27260888546
58895.272643616576
58895.27267835037
58895.27271308428
58895.2727478156
58895.27278254909
58895.272817282515
58895.27285201509
58895.272886747065
58895.27292148221
58895.27295621299
58895.27299094619
58895.27302568019
58895.27306041298
58895.27309514601
58895.27312987885
58895.273164610735
58895.273199342984
58895.273234077365
58895.27326880901
58895.27330354214
58895.273338274455
58895.27337300943
58895.27340774176
58895.27344247422
58895.27347720602
58895.24929417315
