58896.26522256894
58896.26525729838
58896.26529203018
58896.265326763365
58896.265361495716
58896.265396228526
58896.26543096129
58896.26546569551
58896.265500428824
58896.26553516027
58896.26556989349
58896.265604627384
58896.26563935989
58896.26567409213
58896.26570882631
58896.26574355804
58896.26577829234
58896.265813025704
58896.26584775826
58896.265882490865
58896.26591722322
58896.26595195557
58896.26598668925
58896.26602142229
58896.26605615413
58896.26609088832
58896.266125619826
58896.26616035319
58896.26619508638
58896.266229818575
58896.266264551814
58896.26629928433
58896.266334017106
58896.26636875137
58896.26640348288
58896.26643821662
58896.266472949545
58896.26650768282
58896.266542415215
58896.266577147035
58896.26661187998
58896.266646613316
58896.26668134626
58896.266716079765
58896.26675081241
58896.26678554528
58896.26682027772
58896.266855010545
58896.26688974439
58896.26692447732
58896.266959208704
58896.266993942925
58896.26702867578
58896.267063409585
58896.26709814059
58896.26713287375
58896.26716760772
58896.26720233929
58896.26723707208
58896.26727180581
58896.26730653833
58896.26734127118
58896.26737600407
58896.26741073731
58896.267445469435
58896.267480201874
58896.26751493658
58896.26754966793
58896.26758440082
58896.267619134516
58896.26765386782
58896.26768860037
58896.26772333365
58896.267758066046
58896.26779279838
58896.26782753081
58896.26786226355
58896.26789699702
58896.267931730436
58896.26796646269
58896.26800119562
58896.26803592793
58896.268070660844
58896.268105394796
58896.26814012804
58896.26817485998
58896.268209592316
58896.26824432571
58896.26827905851
58896.26831379073
58896.26834852402
58896.268383256574
58896.26841798941
58896.26845272289
58896.268487456386
58896.26852218853
58896.26855692141
58896.26859165382
58896.268626388315
58896.26866112204
58896.26869585344
58896.26873059276
58896.26876531913
58896.26880006626
58896.268834784416
58896.26886952974
58896.268904251265
58896.268938994326
58896.268973715305
58896.269008459436
58896.269043181186
58896.26907792512
58896.269112649905
58896.26914739336
58896.269182113974
58896.26921685769
58896.26925157935
58896.26928632315
58896.269321044376
58896.269355788376
58896.26939051152
58896.269425259794
58896.26945997567
58896.26949472303
58896.269529442536
58896.26956419229
58896.269598907675
58896.269633659256
58896.269668373185
58896.26970312527
58896.26973783948
58896.26977258621
58896.26980730468
58896.26984204832
58896.26987677087
58896.26991150533
58896.26994623716
58896.26998096962
58896.27001570144
58896.27005043585
58896.27008516799
58896.27011990149
58896.2701546339
58896.27018936728
58896.270224100044
58896.27025883193
58896.27029356535
58896.270328298575
58896.27036303207
58896.270397763685
58896.27043249684
58896.27046723068
58896.27050196214
58896.270536696604
58896.270571427725
58896.27060616116
58896.27064089496
58896.27067563681
58896.27071035914
58896.2707450925
58896.27077982602
58896.27081455839
58896.2708492912
58896.27088402508
58896.270918757335
58896.270953490566
58896.27098822273
58896.271022963236
58896.2710576886
58896.27109243271
58896.27112715411
58896.27116189689
58896.27119661991
58896.27123135274
58896.271266084645
58896.27130081857
58896.271335552265
58896.27137028409
58896.27140501597
58896.271439760356
58896.27147448178
58896.271509227474
58896.27154394883
58896.271578691805
58896.27161341458
58896.271648146314
58896.27168288097
58896.271717623335
58896.271752346074
58896.2717870787
58896.271821810864
58896.27185654445
58896.271891278055
58896.27192601997
58896.27196074253
58896.27199547485
58896.27203020857
58896.27206495217
58896.27209967341
58896.27213441624
58896.27216914003
58896.27220387213
58896.27223860712
58896.27227334855
58896.2723080711
58896.272342814984
58896.27237753662
58896.2724122799
58896.27244700356
58896.272481745786
58896.27251647021
58896.27255121138
58896.27258593438
58896.27262067712
58896.27265540009
58896.27269014328
58896.272724866394
58896.27275960854
58896.27279433207
58896.27282906406
58896.27286379816
58896.272898530464
58896.27293326787
58896.272968031866
58896.27300272855
58896.27303746875
58896.273072194366
58896.273106937275
58896.273141659636
58896.27317640411
58896.27321112488
58896.273245859345
58896.273280593174
58896.27331532443
58896.27335005872
58896.27338480186
58896.273419523684
58896.27345426686
58896.27348898836
58896.27352372203
58896.273558454384
58896.273593187405
58896.273627921124
58896.273662652646
58896.27369738675
58896.273732129455
58896.273766851504
58896.27380159473
58896.27383631798
58896.2738710597
58896.27390578388
58896.27394052462
58896.27397524972
58896.27400998146
58896.27404471532
58896.274079447336
58896.27411418101
58896.27414891231
58896.27418364726
58896.27421838951
58896.274253114294
58896.274287855165
58896.274322579266
58896.27435730999
58896.274392042964
58896.27442678623
58896.27446150941
58896.27449625217
58896.27453097552
58896.27456570747
58896.27460044117
58896.27463518436
58896.27466990712
58896.274704638316
58896.27473937261
58896.274774104124
58896.27480883725
58896.27484357077
58896.274878302735
58896.27491304707
58896.274947768696
58896.27498253156
58896.27501723596
58896.27505197763
58896.27508670124
58896.27512144342
58896.275156167
58896.27519089935
58896.27522563325
58896.27526037903
58896.2752950992
58896.27532983078
58896.27536456262
58896.27539929592
58896.2754340294
58896.27546877259
58896.275503495024
58896.275538240014
58896.27557296058
58896.27560770299
58896.275642426466
58896.27567716909
58896.2757118916
58896.2757466348
58896.275781357734
58896.27581610072
58896.27585082415
58896.275885555035
58896.27592028976
58896.27595503197
58896.27598975659
58896.27602449863
58896.27605922104
58896.27609395299
58896.27612868621
58896.27616342922
58896.27619815276
58896.276232895834
58896.27626761801
58896.2370466063
