-0.0016307464430047503
-0.0016307498083404652
-0.00163075317404372
-0.0016307565399006482
-0.0016307599058855756
-0.0016307632715493066
-0.0016307666373559836
-0.0016307700030724487
-0.0016307733688955266
-0.001630776734874421
-0.0016307801005919585
-0.001630783466608621
-0.0016307868322270368
-0.0016307901982643596
-0.001630793564027493
-0.0016307969298801198
-0.0016308002958371993
-0.001630803661674093
-0.0016308070274913815
-0.0016308103934836904
-0.0016308137593729305
-0.0016308171252104654
-0.0016308204912294454
-0.0016308238570833461
-0.0016308272229732105
-0.0016308305888241737
-0.001630833954848033
-0.0016308373207260492
-0.0016308406867255975
-0.0016308440525792853
-0.0016308474186700202
-0.0016308507844480687
-0.001630854150548701
-0.001630857516529165
-0.001630860882507057
-0.0016308642484717322
-0.0016308676144124773
-0.0016308709804276752
-0.0016308743464210742
-0.001630877712377695
-0.0016308810783831097
-0.0016308844444586888
-0.0016308878104076552
-0.0016308911766107549
-0.0016308945426123564
-0.0016308979086819943
-0.0016309012747383817
-0.0016309046406595648
-0.0016309080068092285
-0.001630911372917814
-0.0016309147390388059
-0.0016309181049325961
-0.0016309214710591286
-0.0016309248371702706
-0.0016309282033002033
-0.0016309315693997643
-0.0016309349355010199
-0.0016309383015419348
-0.0016309416677984805
-0.0016309450338321011
-0.0016309484000642074
-0.0016309517661439858
-0.0016309551323431073
-0.0016309584983471037
-0.0016309618645132299
-0.001630965230711001
-0.0016309685970281164
-0.0016309719630645005
-0.0016309753293400461
-0.00163097869543542
-0.0016309820617699262
-0.0016309854279371089
-0.001630988794078141
-0.0016309921602465174
-0.0016309955264144404
-0.0016309988926524609
-0.0016310022589584813
-0.001631005625835218
-0.0016310089915348388
-0.0016310123576661387
-0.0016310157239916392
-0.0016310190902417692
-0.00163102245643363
-0.001631025822631456
-0.0016310291890106212
-0.0016310325552416763
-0.0016310359215813478
-0.0016310392878242461
-0.001631042654209999
-0.001631046020392019
-0.0016310493868045776
-0.0016310527531524664
-0.0016310561194271072
-0.0016310594857140755
-0.0016310628520433059
-0.0016310662184811737
-0.0016310695848243788
-0.0016310729511456728
-0.0016310763176055187
-0.0016310796841889253
-0.0016310830509387066
-0.0016310864170760817
-0.0016310897831188157
-0.0016310931493642618
-0.0016310965159001365
-0.0016310998821124584
-0.0016311032486665408
-0.0016311066149954398
-0.0016311099819699562
-0.001631113347908425
-0.0016311167160521385
-0.0016311200807251007
-0.0016311234471048245
-0.0016311268135610368
-0.0016311301800487846
-0.0016311335465680784
-0.0016311369139747293
-0.0016311402793611483
-0.0016311436463473433
-0.0016311470159217846
-0.0016311503788140587
-0.001631153745623167
-0.0016311571125579463
-0.0016311604784630682
-0.0016311638449816744
-0.0016311672115040053
-0.0016311705780749646
-0.0016311739444549397
-0.0016311773110119353
-0.0016311806776090367
-0.0016311840441092635
-0.0016311874106217604
-0.0016311907772748793
-0.0016311941437113407
-0.0016311975103269537
-0.0016312008769419754
-0.0016312042434366001
-0.0016312076101210587
-0.0016312109767214937
-0.0016312143432999577
-0.001631217709978376
-0.0016312210765813337
-0.0016312244431002407
-0.001631227809830389
-0.001631231176493618
-0.0016312345429486945
-0.001631237909636388
-0.0016312412763277656
-0.0016312446429757313
-0.001631248009593166
-0.0016312513762934138
-0.0016312547429652685
-0.0016312581097070948
-0.0016312614763456252
-0.0016312648430584177
-0.0016312682097128126
-0.001631271576527095
-0.0016312749430711262
-0.0016312783098370901
-0.0016312816764933109
-0.001631285043326472
-0.001631288409900124
-0.0016312917766914106
-0.0016312951434777595
-0.0016312985102292642
-0.0016313018769950921
-0.0016313052436661515
-0.0016313086112138546
-0.0016313119774899365
-0.001631315344223266
-0.0016313187111378382
-0.0016313220775895968
-0.0016313254444172913
-0.0016313288112635744
-0.0016313321789522713
-0.0016313355449542343
-0.0016313389117472285
-0.0016313422784069048
-0.001631345645352646
-0.001631349012175771
-0.001631352378886974
-0.0016313557459034862
-0.0016313591126946721
-0.0016313624795022995
-0.0016313658463670282
-0.0016313692132332613
-0.001631372580205783
-0.0016313759470257194
-0.00163137931391985
-0.0016313826808646858
-0.0016313860475670539
-0.0016313894145126573
-0.0016313927814618698
-0.001631396148290574
-0.0016313995152897564
-0.0016314028822733005
-0.0016314062493096393
-0.0016314096160863557
-0.0016314129830785294
-0.0016314163499822664
-0.001631419716990154
-0.0016314230838026236
-0.0016314264508476336
-0.0016314298179860838
-0.0016314331849012953
-0.0016314365517837125
-0.0016314399188152127
-0.0016314432858588383
-0.0016314466528696684
-0.0016314500198305615
-0.001631453386887013
-0.001631456753750198
-0.0016314601208715607
-0.0016314634879451494
-0.0016314668549388244
-0.0016314702220152494
-0.0016314735890780789
-0.0016314769559647563
-0.0016314803231352699
-0.0016314836900846769
-0.0016314870572644406
-0.0016314904243493115
-0.0016314937913072104
-0.0016314971584398296
-0.0016315005254925546
-0.0016315038927157115
-0.0016315072597369634
-0.001631510626832388
-0.0016315139940426282
-0.001631517361127996
-0.0016315207282468485
-0.0016315240952665176
-0.0016315274625614776
-0.0016315308294705196
-0.001631534196847414
-0.001631537563853359
-0.0016315409311110582
-0.001631544298275969
-0.0016315476653416905
-0.0016315510325649988
-0.0016315543996997899
-0.0016315577671141572
-0.0016315611341832321
-0.0016315645014312655
-0.001631567868515902
-0.001631571235685356
-0.0016315746029524681
-0.0016315779701289222
-0.0016315813373987524
-0.0016315847046485246
-0.001631588071865428
-0.0016315914391586022
-0.0016315948064573695
-0.0016315981735627687
-0.00163160154090277
-0.0016316049082548243
-0.001631608275473384
-0.0016316116429244236
-0.0016316150100664977
-0.0016316183772805226
-0.001631621744461633
-0.0016316251119479748
-0.0016316284791702974
-0.0016316318464709668
-0.0016316352137815558
-0.0016316385810506541
-0.0016316419484366281
-0.0016316453157169423
-0.0016316486831526376
-0.0016316520505789797
-0.001631655417811883
-0.0016316587851937724
-0.0016316621525149008
-0.0016316655199357882
-0.0016316688872445742
-0.001631672254593195
-0.0016316756220222915
-0.0016316789893499565
-0.0016316823567495786
-0.0016316857242532053
-0.0016316890916960754
-0.0016316924589668943
-0.0016316958264273478
-0.001631699193895506
-0.0016317025612301366
-0.001631705928668774
-0.0016317092962114363
-0.0016317126636012853
-0.0016317160311079973
-0.0016317193985667822
-0.0016317227659797444
-0.0016317261336336963
-0.0016317295010770335
-0.0016317328684660177
-0.0016317362357792355
-0.0016317396033590907
-0.0016317429709552082
-0.0016317463383064565
-0.0016317497058730029
-0.0016317530734386793
-0.0016317564409264373
-0.001631759808364072
-0.0016317631761132972
-0.0016317665434443197
-0.0016317699110162851
-0.001631773278668717
-0.0016317766462132233
-0.0016317800137846787
-0.0016317833813445206
-0.0016317867488157432
-0.0016317901163288657
-0.0016317934840529812
-0.0016317968515172372
-0.001631800219132525
-0.0016318035866741464
-0.0016318069544781274
-0.0016318103220329201
-0.001631813689603942
-0.0016318170571162677
-0.0016294737604336403
