-0.0017266363814039132
-0.0017266397301588185
-0.0017266430791493255
-0.0017266464282775665
-0.0017266497773327787
-0.0017266531264363229
-0.0017266564755413585
-0.001726659824792614
-0.0017266631739623374
-0.0017266665229590061
-0.0017266698721316856
-0.001726673221373973
-0.0017266765704900037
-0.001726679919586238
-0.0017266832688733848
-0.0017266866179300113
-0.001726689967241377
-0.001726693316466962
-0.0017266966656216292
-0.0017267000147862788
-0.001726703363933231
-0.001726706713083784
-0.0017267100623698849
-0.0017267134115999695
-0.001726716760718706
-0.0017267201100708998
-0.0017267234591712385
-0.001726726808453976
-0.0017267301577253875
-0.001726733506908834
-0.0017267368561980306
-0.001726740205422687
-0.0017267435546764742
-0.0017267469040827912
-0.0017267502532266313
-0.001726753602593264
-0.0017267569518847183
-0.0017267603012159193
-0.0017267636504697786
-0.0017267669996718692
-0.0017267703489903111
-0.0017267736983506321
-0.0017267770476783236
-0.0017267803970670325
-0.0017267837463783976
-0.0017267870957167282
-0.0017267904450202845
-0.001726793794365697
-0.001726797143814707
-0.0017268004931821044
-0.0017268038424040632
-0.0017268071919083671
-0.0017268105412842493
-0.001726813890759445
-0.0017268172399678512
-0.0017268205893905147
-0.001726823938897588
-0.001726827288178296
-0.0017268306375838522
-0.0017268339870844679
-0.0017268373364736599
-0.0017268406859004297
-0.0017268440353370971
-0.0017268473848134629
-0.0017268507341869218
-0.0017268540835979282
-0.0017268574332317164
-0.0017268607825475795
-0.001726864132018078
-0.0017268674815729638
-0.0017268708310930578
-0.0017268741805485136
-0.001726877530077739
-0.001726880879529543
-0.0017268842289805875
-0.001726887578445783
-0.0017268909279463947
-0.0017268942775228722
-0.0017268976271007023
-0.001726900976571333
-0.0017269043261135513
-0.0017269076756017848
-0.001726911025153106
-0.0017269143748100896
-0.0017269177244045508
-0.0017269210738790224
-0.0017269244233974114
-0.0017269277730214692
-0.0017269311225957624
-0.0017269344721202986
-0.0017269378217526147
-0.001726941171320275
-0.00172694452091909
-0.0017269478705873272
-0.0017269512202611745
-0.0017269545698128557
-0.0017269579194382624
-0.0017269612690245521
-0.0017269646188186416
-0.0017269679685437992
-0.0017269713180489055
-0.0017269746683238121
-0.0017269780173568058
-0.0017269813683964549
-0.0017269847166486653
-0.0017269880675249
-0.001726991416111833
-0.0017269947667820492
-0.0017269981153268943
-0.001727001466110427
-0.0017270048147430032
-0.0017270081655184992
-0.0017270115144538422
-0.0017270148651936214
-0.0017270182137377168
-0.0017270215645141436
-0.0017270249131715052
-0.0017270282639675393
-0.001727031612593417
-0.0017270349634197013
-0.0017270383122418747
-0.0017270416634901197
-0.0017270450116208518
-0.001727048362794995
-0.0017270517112880396
-0.0017270550627010773
-0.001727058410809192
-0.0017270617624099826
-0.0017270651103865333
-0.0017270684620494447
-0.0017270718100626007
-0.0017270751612192513
-0.001727078509656423
-0.0017270818605260698
-0.001727085209368118
-0.001727088559363169
-0.0017270919091103888
-0.0017270952589227395
-0.0017270986086809618
-0.0017271019586937906
-0.001727105308490733
-0.0017271086584272756
-0.0017271120082628872
-0.0017271153581976608
-0.0017271187080804354
-0.0017271220578814516
-0.0017271254078369673
-0.00172712875777882
-0.0017271321077538206
-0.0017271354575512468
-0.0017271388075031729
-0.0017271421575265854
-0.001727145507325553
-0.0017271488574216534
-0.0017271522071996399
-0.0017271555572045327
-0.0017271589072510888
-0.0017271622580801859
-0.0017271656070327191
-0.0017271689570531165
-0.0017271723070959857
-0.0017271756570315072
-0.0017271790070150738
-0.0017271823571084143
-0.0017271857070496736
-0.001727189057092181
-0.0017271924070358339
-0.0017271957577897174
-0.0017271991070885496
-0.0017272024582003775
-0.0017272058071289842
-0.0017272091581239644
-0.0017272125072189054
-0.0017272158572645775
-0.001727219207226285
-0.0017272225573892943
-0.0017272259075364414
-0.0017272292575059571
-0.0017272326074872794
-0.0017272359586812081
-0.0017272393076663345
-0.0017272426589967495
-0.001727246007986342
-0.0017272493590636242
-0.0017272527082003296
-0.0017272560582068577
-0.0017272594084998636
-0.0017272627595413328
-0.0017272661086954648
-0.0017272694588088434
-0.0017272728088829157
-0.001727276159100784
-0.001727279509324079
-0.00172728286035545
-0.001727286209525001
-0.0017272895596410277
-0.0017272929098987016
-0.001727296261113513
-0.001727299610176911
-0.0017273029613280029
-0.0017273063106491614
-0.0017273096607762807
-0.0017273130111877062
-0.001727316362226227
-0.0017273197114497014
-0.0017273230627353425
-0.0017273264118801701
-0.0017273297631190828
-0.0017273331124705554
-0.001727336463618034
-0.0017273398130526686
-0.0017273431641087037
-0.0017273465134177968
-0.0017273498646357506
-0.0017273532139534475
-0.0017273565652268495
-0.0017273599145680525
-0.0017273632657499956
-0.0017273666151423873
-0.0017273699653556171
-0.0017273733157786068
-0.001727376666032367
-0.0017273800167854469
-0.0017273833701074636
-0.0017273867169428389
-0.001727390067980274
-0.0017273934176177338
-0.0017273967689256367
-0.0017274001182607834
-0.0017274034697305491
-0.0017274068189209596
-0.001727410169438957
-0.0017274135198984378
-0.0017274168701162504
-0.001727420220631107
-0.0017274235720072413
-0.0017274269213318405
-0.0017274302727207764
-0.0017274336220219806
-0.0017274369725059646
-0.0017274403228675196
-0.0017274436732982804
-0.0017274470238003764
-0.0017274503740969756
-0.0017274537246480183
-0.0017274570760347954
-0.001727460425433864
-0.0017274637768802462
-0.0017274671264049138
-0.0017274704777171062
-0.0017274738273439273
-0.0017274771785709317
-0.0017274805282956648
-0.0017274838786666144
-0.0017274872292472763
-0.0017274905796564799
-0.0017274939302285787
-0.001727497280578109
-0.0017275006312863926
-0.0017275039827026556
-0.0017275073324377868
-0.001727510683732587
-0.001727514033414373
-0.0017275173837402438
-0.0017275207342864795
-0.0017275240858323777
-0.0017275274354479544
-0.0017275307869554228
-0.0017275341365943454
-0.001727537487071084
-0.0017275408377213119
-0.0017275441892903348
-0.0017275475388949285
-0.001727550889320321
-0.0017275542400469808
-0.0017275575905127051
-0.0017275609411370213
-0.0017275642918070254
-0.0017275676423311058
-0.0017275709940550194
-0.0017275743435909196
-0.0017275776971140285
-0.0017275810449994614
-0.0017275843964867062
-0.0017275877462352158
-0.0017275910977819218
-0.0017275944475387713
-0.001727597798148346
-0.0017276011489122218
-0.0017276045008248538
-0.0017276078502746783
-0.0017276112008306433
-0.0017276145514173854
-0.001727617902147781
-0.0017276212529025471
-0.001727624604597398
-0.001727627954297871
-0.0017276313061777547
-0.0017276346557076553
-0.0017276380073488252
-0.001727641357170231
-0.0017276447088410034
-0.0017276480585791296
-0.0017276514103177923
-0.0017276547601067843
-0.0017276581118366831
-0.0017276614616829364
-0.0017276648122541455
-0.0017276681632031876
-0.001727671514877225
-0.001727674864859247
-0.0017276782165287453
-0.001727681566308182
-0.001727684917012762
-0.0017276882678460182
-0.0017276916196299645
-0.0017276949695387482
-0.001727698321339437
-0.0017277016711265403
-0.0017239215861901034
