-0.0017228508911679703
-0.0017228542321906716
-0.0017228575737819206
-0.0017228609153775974
-0.0017228642568190844
-0.0017228675984512852
-0.0017228709400204927
-0.0017228742815751494
-0.001722877623180249
-0.0017228809648765326
-0.0017228843063816148
-0.0017228876479698995
-0.0017228909895451942
-0.001722894331318915
-0.0017228976727971539
-0.0017229010143983577
-0.0017229043561150098
-0.0017229076978301735
-0.0017229110394280267
-0.0017229143811375225
-0.0017229177228401695
-0.00172292106448288
-0.0017229244061306658
-0.0017229277478535228
-0.001722931089538382
-0.00172293443148099
-0.0017229377730175583
-0.0017229411147560963
-0.0017229444565559488
-0.0017229477983435207
-0.0017229511400556527
-0.0017229544817708318
-0.0017229578234953234
-0.0017229611653391146
-0.0017229645070092454
-0.0017229678487600164
-0.0017229711907324815
-0.0017229745324410207
-0.0017229778742040187
-0.0017229812160283373
-0.0017229845579463932
-0.001722987899768897
-0.0017229912416035786
-0.0017229945834167837
-0.001722997925354125
-0.0017230012672283864
-0.0017230046090498802
-0.0017230079509202925
-0.0017230112927998672
-0.0017230146347063885
-0.0017230179767055013
-0.0017230213185576461
-0.0017230246603742237
-0.0017230280022868215
-0.0017230313442515748
-0.0017230346861487472
-0.0017230380281608405
-0.0017230413701276228
-0.0017230447120675312
-0.0017230480541384696
-0.001723051395987388
-0.0017230547380864573
-0.0017230580799253283
-0.001723061422018752
-0.001723064763937945
-0.0017230681059220811
-0.0017230714479897309
-0.0017230747900801625
-0.0017230781320867314
-0.0017230814740867167
-0.0017230848161882515
-0.0017230881582445757
-0.001723091500259098
-0.0017230948423009736
-0.0017230981844306894
-0.0017231015265689307
-0.001723104868623102
-0.0017231082107386823
-0.0017231115528450666
-0.0017231148950620852
-0.0017231182371293843
-0.0017231215791244157
-0.0017231249213500058
-0.0017231282634510424
-0.001723131605685822
-0.001723134947778807
-0.00172313828990805
-0.0017231416320752392
-0.0017231449742525465
-0.0017231483167037568
-0.00172315165864293
-0.0017231550008442794
-0.0017231583430681184
-0.0017231616853303092
-0.0017231650275936648
-0.0017231683698274473
-0.0017231717120402177
-0.0017231750542387994
-0.0017231783966398257
-0.0017231817387982006
-0.0017231850811209382
-0.0017231884233039852
-0.0017231917656163514
-0.0017231951079952643
-0.0017231984502287918
-0.0017232017926911414
-0.0017232051348789457
-0.0017232084772937561
-0.0017232118194546525
-0.0017232151618168884
-0.0017232185041156103
-0.0017232218465088398
-0.0017232251889019781
-0.001723228531235475
-0.0017232318737452487
-0.001723235216032567
-0.0017232385585033059
-0.0017232419008191768
-0.001723245243304627
-0.0017232485857461039
-0.001723251928059501
-0.0017232552704351347
-0.0017232586128685284
-0.0017232619554206285
-0.001723265297899242
-0.0017232686403258627
-0.0017232719826928194
-0.0017232753252563822
-0.0017232786677394303
-0.0017232820102914509
-0.0017232853527316672
-0.0017232886952950667
-0.0017232920378820876
-0.0017232953801941103
-0.0017232987227585102
-0.0017233020653343737
-0.0017233054077431306
-0.0017233087502910819
-0.001723312092853064
-0.0017233154354863015
-0.0017233187780411996
-0.0017233221206748167
-0.0017233254633043883
-0.0017233288058167338
-0.001723332148450011
-0.0017233354909662558
-0.0017233388335748977
-0.0017233421761718114
-0.0017233455189350417
-0.0017233488615089434
-0.0017233522040310065
-0.0017233555467667566
-0.001723358889437524
-0.0017233622322156373
-0.0017233655747549625
-0.0017233689173733445
-0.001723372260127963
-0.0017233756027466485
-0.0017233789459125384
-0.0017233822884428899
-0.0017233856310273743
-0.0017233889738073442
-0.0017233923165064992
-0.0017233956591093088
-0.001723399001757075
-0.0017234023445781728
-0.0017234056873950319
-0.0017234090300914271
-0.0017234123729082686
-0.0017234157157424953
-0.001723419058437387
-0.0017234224012967563
-0.001723425744036242
-0.001723429086828501
-0.001723432429647609
-0.001723435772390544
-0.0017234391152759218
-0.0017234424580963592
-0.0017234458010259566
-0.0017234491439345918
-0.00172345248677508
-0.001723455829491289
-0.0017234591723751008
-0.001723462515355915
-0.0017234658583314022
-0.001723469201114755
-0.001723472543941185
-0.001723475886856481
-0.001723479229782756
-0.0017234825728999045
-0.0017234859157934071
-0.0017234892587216345
-0.001723492601669658
-0.0017234959446110493
-0.001723499287533109
-0.0017235026304723974
-0.0017235059734394564
-0.0017235093164241241
-0.001723512659547204
-0.0017235160025635642
-0.001723519345505613
-0.0017235226885217749
-0.0017235260315460348
-0.0017235293745745783
-0.0017235327175725403
-0.0017235360606483482
-0.0017235394037042732
-0.0017235427466966464
-0.0017235460898064486
-0.001723549432890257
-0.0017235527759298177
-0.0017235561189493744
-0.001723559462051583
-0.0017235628052184938
-0.0017235661482732927
-0.001723569491414254
-0.0017235728345940712
-0.0017235761784360245
-0.001723579520702941
-0.0017235828639977867
-0.0017235862071369556
-0.0017235895502962964
-0.0017235928935130547
-0.0017235962365722472
-0.001723599579815974
-0.0017236029229593837
-0.0017236062660763557
-0.0017236096092936198
-0.001723612952512262
-0.0017236162956831649
-0.00172361963898517
-0.0017236229822314602
-0.0017236263255178304
-0.0017236296686501235
-0.0017236330118941977
-0.001723636355165632
-0.0017236396985697384
-0.001723643041817859
-0.0017236463850261482
-0.001723649728428013
-0.0017236530716852891
-0.001723656414973177
-0.0017236597582810842
-0.0017236631014906647
-0.0017236664448620604
-0.0017236697882117172
-0.0017236731315868844
-0.00172367647492406
-0.0017236798182952392
-0.001723683161551238
-0.0017236865048562264
-0.0017236898482826779
-0.0017236931918076508
-0.0017236965351109647
-0.0017236998785723789
-0.001723703221904519
-0.0017237065653088958
-0.0017237099087820257
-0.0017237132521623882
-0.0017237165955823889
-0.0017237199391162785
-0.0017237232824477424
-0.0017237266259656535
-0.0017237299694652412
-0.0017237333128504466
-0.001723736656321152
-0.0017237399998432923
-0.0017237433432214164
-0.0017237466868987217
-0.0017237500301863515
-0.0017237533738383348
-0.0017237567172619392
-0.0017237600607567652
-0.0017237634044515097
-0.0017237667478085114
-0.0017237700914006485
-0.001723773435032935
-0.0017237767786120078
-0.0017237801221358091
-0.0017237834656595535
-0.0017237868093334249
-0.0017237901529258003
-0.001723793496523018
-0.0017237968401309562
-0.0017238001837977526
-0.0017238035273316294
-0.001723806870907886
-0.0017238102145989503
-0.0017238135582077676
-0.0017238169019008491
-0.0017238202454467916
-0.001723823589072223
-0.0017238269328444232
-0.001723830276449058
-0.0017238336201781403
-0.0017238369639575547
-0.001723840307520578
-0.0017238436512786361
-0.0017238469949466097
-0.0017238503387447864
-0.0017238536823740054
-0.0017238570261066748
-0.0017238603699576945
-0.001723863713643126
-0.0017238670573863195
-0.0017238704012181262
-0.0017238737448616924
-0.001723877088642574
-0.0017238804325476803
-0.0017238837762376753
-0.001723887120067623
-0.0017238904638190646
-0.0017238938077350475
-0.0017238971515486567
-0.001723900495240892
-0.001723903839054415
-0.001723907182941364
-0.0017239105268877619
-0.0017239138706794449
0.0027855433430724946
