58896.22596684778
58896.22600157595
58896.22603630815
58896.2260710419
58896.226105774695
58896.22614051804
58896.22617524103
58896.226209973946
58896.22624470748
58896.22627943923
58896.226314173175
58896.2263489061
58896.22638363871
58896.22641837103
58896.22645310452
58896.22648783757
58896.22652257069
58896.22655730246
58896.2265920365
58896.22662676904
58896.226661502806
58896.22669623602
58896.22673096873
58896.226765701285
58896.22680043435
58896.226835167196
58896.22686990058
58896.226904633506
58896.22693936609
58896.2269740994
58896.22700883265
58896.22704356599
58896.227078297845
58896.227113030756
58896.22714776353
58896.22718249658
58896.22721722855
58896.22725196302
58896.22728669543
58896.22732142786
58896.22735616132
58896.227390895045
58896.22742562807
58896.22746036038
58896.227495091945
58896.22752982679
58896.22756455911
58896.227599292135
58896.2276340257
58896.22766875672
58896.227703490564
58896.227738223555
58896.22777295696
58896.227807689866
58896.2278424219
58896.22787715585
58896.22791188938
58896.227946621184
58896.227981354634
58896.22801608762
58896.22805082795
58896.228085554016
58896.22812028637
58896.22815501807
58896.22818975214
58896.22822448534
58896.22825921855
58896.22829395073
58896.228328683144
58896.228363417424
58896.22839814904
58896.22843288309
58896.22846761631
58896.228502349055
58896.22853708212
58896.22857181377
58896.22860654623
58896.22864127962
58896.22867601452
58896.228710746575
58896.228745478824
58896.22878021239
58896.22881494433
58896.2288496781
58896.22888441024
58896.22891914452
58896.22895387712
58896.22898861009
58896.229023342974
58896.22905807731
58896.22909280875
58896.22912754179
58896.22916227461
58896.22919700808
58896.22923174159
58896.229266474445
58896.229301206906
58896.22933593947
58896.22937067194
58896.229405405786
58896.2294401394
58896.22947487129
58896.22950960398
58896.22954433618
58896.22957907054
58896.229613803895
58896.229648536435
58896.229683268044
58896.22971800188
58896.22975273477
58896.229787467295
58896.22982220067
58896.22985693409
58896.22989166657
58896.2299263993
58896.22996113293
58896.22999586544
58896.23003059854
58896.23006534065
58896.230100065215
58896.23013479772
58896.23016953021
58896.23020426305
58896.23023899634
58896.23027373068
58896.23030846102
58896.230343194904
58896.23037792702
58896.23041266049
58896.23044739601
58896.23048212733
58896.230516859774
58896.230551593086
58896.23058632598
58896.23062105935
58896.23065579092
58896.2306905243
58896.230725257454
58896.230759990794
58896.23079472232
58896.230829457214
58896.230864188714
58896.23089892552
58896.23093365544
58896.23096838758
58896.23100311961
58896.231037853875
58896.23107258734
58896.23110731986
58896.23114205251
58896.231176785775
58896.23121151773
58896.231246250645
58896.23128098462
58896.231315716606
58896.23135045115
58896.23138518814
58896.23141991648
58896.23145464927
58896.231489381345
58896.231524115356
58896.23155884913
58896.23159358121
58896.231628313624
58896.23166304708
58896.231697780306
58896.23173251196
58896.23176724639
58896.231801979746
58896.23183671189
58896.2318714452
58896.23190617707
58896.23194091099
58896.23197564421
58896.23201037691
58896.2320451094
58896.23207984234
58896.2321145756
58896.232149309195
58896.23218404149
58896.23221877385
58896.232253508046
58896.23228824056
58896.23232297489
58896.232357706096
58896.2323924397
58896.2324271733
58896.23246190581
58896.2324966386
58896.232531371665
58896.23256610323
58896.23260083676
58896.23263556909
58896.23267030222
58896.23270503455
58896.23273976889
58896.23277450266
58896.23280923459
58896.232843966776
58896.232878700226
58896.23291343281
58896.232948165634
58896.23298289867
58896.23301763225
58896.23305236536
58896.23308709762
58896.23312183048
58896.233156564835
58896.233191296524
58896.23322602936
58896.233260762216
58896.23329549649
58896.23333022991
58896.23336496247
58896.23339969636
58896.23343442929
58896.233469160106
58896.2335038948
58896.23353862724
58896.23357335907
58896.23360809199
58896.2336428249
58896.23367755785
58896.23371229094
58896.233747025704
58896.23378175882
58896.23381649086
58896.23385122427
58896.233885957125
58896.23392068977
58896.23395542355
58896.23399015667
58896.23402488929
58896.23405962223
58896.23409435488
58896.234129087825
58896.23416381979
58896.23419855209
58896.23423328676
58896.23426801863
58896.23430275102
58896.23433748446
58896.23437221708
58896.23440694956
58896.23444168351
58896.234476415455
58896.23451115095
58896.234545881765
58896.23458061467
58896.23461534927
58896.23465008125
58896.234684814895
58896.23471954896
58896.23475427907
58896.23478901344
58896.23482374748
58896.23485847793
58896.23489321188
58896.234927943755
58896.23496267693
58896.234997410174
58896.23503214269
58896.23506687619
58896.235101609534
58896.23513634151
58896.235171077155
58896.23520580762
58896.23524054222
58896.23527527455
58896.23531000858
58896.235344739725
58896.23537947457
58896.23541420691
58896.23544894063
58896.23548367259
58896.23551840638
58896.235553140534
58896.23558787219
58896.23562260405
58896.23565733803
58896.23569206928
58896.23572680225
58896.23576153527
58896.23579626768
58896.23583100109
58896.23586573364
58896.235900468695
58896.23593520168
58896.235969932575
58896.23600466604
58896.23603940034
58896.23607413298
58896.23610886599
58896.236143602466
58896.23617833278
58896.23621306371
58896.23624779619
58896.23628253157
58896.23631726356
58896.236351997206
58896.23638672991
58896.236421462825
58896.23645619482
58896.23649092928
58896.23652566023
58896.236560394274
58896.23659512795
58896.23662986057
58896.236664593634
58896.23669932644
58896.23673405875
58896.23676879244
58896.23680352469
58896.236838258395
58896.23687299123
58896.236907724175
58896.236942457086
58896.236977188615
58896.23701192356
40587.00325063637
