-0.001726636537553964
-0.0017266398863099196
-0.001726643235299738
-0.0017266465844291117
-0.0017266499334832662
-0.0017266532825873917
-0.0017266566316930295
-0.001726659980944786
-0.0017266633301146834
-0.0017266666791109907
-0.0017266700282829563
-0.0017266733775260904
-0.0017266767266409155
-0.0017266800757368592
-0.0017266834250240354
-0.001726686774082096
-0.0017266901233929162
-0.0017266934726193309
-0.00172669682177378
-0.001726700170938486
-0.00172670352008522
-0.0017267068692362968
-0.0017267102185225174
-0.001726713567752359
-0.0017267169168712914
-0.0017267202662234284
-0.0017267236153223982
-0.0017267269646059713
-0.0017267303138780129
-0.0017267336630606889
-0.001726737012349736
-0.001726740361574302
-0.0017267437108298305
-0.00172674706023428
-0.0017267504093786627
-0.0017267537587448362
-0.0017267571080371259
-0.0017267604573691323
-0.0017267638066221663
-0.0017267671558254597
-0.0017267705051427782
-0.0017267738545034815
-0.001726777203831832
-0.00172678055322067
-0.001726783902531392
-0.0017267872518699182
-0.0017267906011728669
-0.00172679395051781
-0.0017267972999670776
-0.0017268006493343035
-0.001726803998558181
-0.0017268073480608379
-0.001726810697437133
-0.0017268140469118617
-0.0017268173961210568
-0.0017268207455439733
-0.001726824095051192
-0.0017268274443318814
-0.001726830793736866
-0.0017268341432375113
-0.0017268374926268624
-0.001726840842053909
-0.001726844191490678
-0.0017268475409664618
-0.001726850890340913
-0.001726854239750844
-0.0017268575893851475
-0.0017268609387013619
-0.0017268642881715823
-0.0017268676377259168
-0.001726870987247303
-0.0017268743367019077
-0.0017268776862328311
-0.0017268810356838346
-0.0017268843851340697
-0.001726887734600103
-0.001726891084101095
-0.0017268944336778515
-0.0017268977832552122
-0.001726901132726425
-0.0017269044822676776
-0.0017269078317556882
-0.0017269111813070588
-0.0017269145309645984
-0.0017269178805587684
-0.0017269212300329967
-0.0017269245795512715
-0.0017269279291766938
-0.0017269312787509309
-0.0017269346282749547
-0.0017269379779071324
-0.0017269413274744155
-0.0017269446770750835
-0.0017269480267421305
-0.0017269513764169582
-0.0017269547259670364
-0.001726958075592958
-0.0017269614251801295
-0.0017269647749739816
-0.0017269681246984356
-0.0017269714742048196
-0.001726974824480172
-0.0017269781735123428
-0.0017269815245524065
-0.0017269848728032272
-0.0017269882236802942
-0.001726991572267266
-0.0017269949229370633
-0.0017269982714826445
-0.0017270016222665123
-0.001727004970898143
-0.001727008321674196
-0.0017270116706093078
-0.001727015021350227
-0.0017270183698938134
-0.0017270217206711296
-0.0017270250693271416
-0.0017270284201234445
-0.001727031768748479
-0.0017270351195755411
-0.0017270384683970178
-0.001727041819646603
-0.0017270451677780273
-0.0017270485189508993
-0.0017270518674434505
-0.0017270552188584087
-0.0017270585669648092
-0.0017270619185669
-0.0017270652665434911
-0.0017270686182050787
-0.0017270719662199527
-0.001727075317376677
-0.0017270786658129815
-0.0017270820166829977
-0.0017270853655244058
-0.0017270887155196562
-0.0017270920652668845
-0.001727095415080356
-0.0017270987648372502
-0.0017271021148501848
-0.0017271054646486848
-0.0017271088145848267
-0.0017271121644209352
-0.0017271155143558194
-0.0017271188642372882
-0.0017271222140396454
-0.0017271255639949496
-0.001727128913937036
-0.0017271322639105865
-0.0017271356137090886
-0.0017271389636609046
-0.0017271423136845825
-0.0017271456634837712
-0.0017271490135786001
-0.001727152363356349
-0.0017271557133626985
-0.001727159063409736
-0.0017271624142382988
-0.0017271657631898166
-0.001727169113211375
-0.0017271724632530077
-0.0017271758131894145
-0.0017271791631737056
-0.001727182513266847
-0.0017271858632087465
-0.0017271892132502253
-0.0017271925631935456
-0.0017271959139475862
-0.0017271992632472636
-0.0017272026143595849
-0.0017272059632866311
-0.0017272093142814463
-0.0017272126633769325
-0.0017272160134224456
-0.001727219363384973
-0.0017272227135480783
-0.0017272260636941065
-0.0017272294136652412
-0.0017272327636468556
-0.0017272361148406965
-0.0017272394638249856
-0.0017272428151555751
-0.001727246164144341
-0.0017272495152229198
-0.001727252864359486
-0.0017272562143650061
-0.0017272595646585065
-0.0017272629156998062
-0.0017272662648544176
-0.0017272696149684757
-0.0017272729650422095
-0.0017272763152591875
-0.0017272796654830616
-0.0017272830165141336
-0.0017272863656843062
-0.001727289715801176
-0.001727293066057798
-0.0017272964172730155
-0.0017272997663366374
-0.0017273031174882458
-0.0017273064668089444
-0.001727309816936644
-0.001727313167348478
-0.0017273165183867413
-0.0017273198676088055
-0.0017273232188950766
-0.0017273265680397272
-0.0017273299192781693
-0.0017273332686297477
-0.0017273366197769254
-0.001727339969213129
-0.0017273433202692346
-0.0017273466695781358
-0.0017273500207963383
-0.0017273533701136217
-0.0017273567213865746
-0.0017273600707272527
-0.0017273634219097565
-0.0017273667713026963
-0.001727370121516301
-0.001727373471939028
-0.001727376822193648
-0.0017273801729461168
-0.0017273835262682732
-0.0017273868731031916
-0.0017273902241417831
-0.001727393573777626
-0.0017273969250871891
-0.0017274002744204345
-0.0017274036258919884
-0.0017274069750821232
-0.0017274103255988838
-0.0017274136760594338
-0.0017274170262775116
-0.001727420376792858
-0.0017274237281683054
-0.0017274270774921031
-0.001727430428881448
-0.0017274337781839175
-0.0017274371286668932
-0.0017274404790280733
-0.0017274438294587948
-0.00172744717996208
-0.0017274505302584187
-0.0017274538808095153
-0.001727457232196109
-0.001727460581594803
-0.0017274639330418996
-0.0017274672825668535
-0.001727470633878638
-0.0017274739835047175
-0.0017274773347332481
-0.001727480684458244
-0.0017274840348291064
-0.0017274873854096506
-0.0017274907358174
-0.0017274940863907999
-0.001727497436739893
-0.0017275007874473817
-0.0017275041388637175
-0.0017275074886007166
-0.0017275108398943264
-0.001727514189575866
-0.001727517539901524
-0.0017275208904496205
-0.001727524241995339
-0.0017275275916098917
-0.001727530943116953
-0.0017275342927576686
-0.0017275376432334742
-0.001727540993882892
-0.0017275443454532213
-0.0017275476950581222
-0.0017275510454823253
-0.0017275543962099568
-0.0017275577466753704
-0.0017275610973007326
-0.0017275644479700103
-0.0017275677984942611
-0.0017275711502172898
-0.001727574499754703
-0.0017275778532760185
-0.00172758120116213
-0.0017275845526488157
-0.001727587902398404
-0.0017275912539449574
-0.0017275946037028137
-0.0017275979543116815
-0.0017276013050752908
-0.0017276046569892024
-0.0017276080064390221
-0.0017276113569942365
-0.0017276147075801808
-0.0017276180583111153
-0.0017276214090651588
-0.0017276247607619357
-0.001727628110461296
-0.0017276314623413647
-0.001727634811870715
-0.0017276381635128212
-0.001727641513333092
-0.001727644865005805
-0.0017276482147437246
-0.0017276515664824206
-0.0017276549162712255
-0.0017276582680005679
-0.0017276616178478709
-0.0017276649684190846
-0.0017276683193664507
-0.001727671671040723
-0.0017276750210240477
-0.0017276783726924453
-0.0017276817224723435
-0.001727685073178057
-0.0017276884240104767
-0.001727691775793811
-0.0017276951257038605
-0.0017276984775030932
-0.0017277018272914297
-0.001723921742307508
