5.889723009484188515e+04
5.889723012956962339e+04
5.889723016430387361e+04
5.889723019904159446e+04
5.889723023377767822e+04
5.889723026851392206e+04
5.889723030325018772e+04
5.889723033798642427e+04
5.889723037272288639e+04
5.889723040745936305e+04
5.889723044219624717e+04
5.889723047695303103e+04
5.889723051166643563e+04
5.889723054642501666e+04
5.889723058114052401e+04
5.889723061587732809e+04
5.889723065061632951e+04
5.889723068537087238e+04
5.889723072008271993e+04
5.889723075484282163e+04
5.889723078955654637e+04
5.889723082431349030e+04
5.889723085902908497e+04
5.889723089376780263e+04
5.889723092850222019e+04
5.889723096323797654e+04
5.889723099797553732e+04
5.889723103273180459e+04
5.889723106744587130e+04
5.889723110220545641e+04
5.889723113691811159e+04
5.889723117167135933e+04
5.889723120639033004e+04
5.889723124112704681e+04
5.889723127586308692e+04
5.889723131062020548e+04
5.889723134533478151e+04
5.889723138009417016e+04
5.889723141480744380e+04
5.889723144956647593e+04
5.889723148428039713e+04
5.889723151901713572e+04
5.889723155375268834e+04
5.889723158848760795e+04
5.889723162322527060e+04
5.889723165796085232e+04
5.889723169269690698e+04
5.889723172745510965e+04
5.889723176216966385e+04
5.889723179692721169e+04
5.889723183164159127e+04
5.889723186639876076e+04
5.889723190111296572e+04
5.889723193587213609e+04
5.889723197058710502e+04
5.889723200532355258e+04
5.889723204005875596e+04
5.889723207481712598e+04
5.889723210953106172e+04
5.889723214426745835e+04
5.889723217900344025e+04
5.889723221376279980e+04
5.889723224847659731e+04
5.889723228323512012e+04
5.889723231794730964e+04
5.889723235270583973e+04
5.889723238742068497e+04
5.889723242217251391e+04
5.889723245689283794e+04
5.889723249163259607e+04
5.889723252636205143e+04
5.889723256109967042e+04
5.889723259583800245e+04
5.889723263059551391e+04
5.889723266530874389e+04
5.889723270006800158e+04
5.889723273477981274e+04
5.889723276954045286e+04
5.889723280425364646e+04
5.889723283901545801e+04
5.889723287372552295e+04
5.889723290846747113e+04
5.889723294319985143e+04
5.889723297796200495e+04
5.889723301267265924e+04
5.889723304743079643e+04
5.889723308214126882e+04
5.889723311690322589e+04
5.889723315161331266e+04
5.889723318637465127e+04
5.889723322108673165e+04
5.889723325582677353e+04
5.889723329056185321e+04
5.889723332529644540e+04
5.889723336003077566e+04
5.889723339477071568e+04
5.889723342950584629e+04
5.889723346424125339e+04
5.889723349897745356e+04
5.889723353373721329e+04
5.889723356844835507e+04
5.889723360318857158e+04
5.889723363792539749e+04
5.889723367268100992e+04
5.889723370739711390e+04
5.889723374213134957e+04
5.889723377686969616e+04
5.889723381160508143e+04
5.889723384634109243e+04
5.889723388109989173e+04
5.889723391581404576e+04
5.889723395057247399e+04
5.889723398530871782e+04
5.889723402002247894e+04
5.889723405475693289e+04
5.889723408951452438e+04
5.889723412422805995e+04
5.889723415896721417e+04
5.889723419370452029e+04
5.889723422843980370e+04
5.889723426317399571e+04
5.889723429791021772e+04
5.889723433264550840e+04
5.889723436738306918e+04
5.889723440212014975e+04
5.889723443685536040e+04
5.889723447158957424e+04
5.889723450632666936e+04
5.889723454106276040e+04
5.889723457582316769e+04
5.889723461053735082e+04
5.889723464529912599e+04
5.889723468000988942e+04
5.889723471474622056e+04
5.889723474948011426e+04
5.889723478421644541e+04
5.889723481895417353e+04
5.889723485371326387e+04
5.889723488842505321e+04
5.889723492318989156e+04
5.889723495789973094e+04
5.889723499263920530e+04
5.889723502737226954e+04
5.889723506213621295e+04
5.889723509684336750e+04
5.889723513158476271e+04
5.889723516631683742e+04
5.889723520105220086e+04
5.889723523578754248e+04
5.889723527052676218e+04
5.889723530526100512e+04
5.889723533999676147e+04
5.889723537473390024e+04
5.889723540947241418e+04
5.889723544420590770e+04
5.889723547894201329e+04
5.889723551367837354e+04
5.889723554841597797e+04
5.889723558315277478e+04
5.889723561791124666e+04
5.889723565262310149e+04
5.889723568738238100e+04
5.889723572209556733e+04
5.889723575683155650e+04
5.889723579156788037e+04
5.889723582632876060e+04
5.889723586104471178e+04
5.889723589580142288e+04
5.889723593051183707e+04
5.889723596527225163e+04
5.889723599998551072e+04
5.889723603474454285e+04
5.889723606945765641e+04
5.889723610421756166e+04
5.889723613893103902e+04
5.889723617366715916e+04
5.889723620840359945e+04
5.889723624314116023e+04
5.889723627787491569e+04
5.889723631261099217e+04
5.889723634734540974e+04
5.889723638208428019e+04
5.889723641681941081e+04
5.889723645155713166e+04
5.889723648629201489e+04
5.889723652103160566e+04
5.889723655576657620e+04
5.889723659052512085e+04
5.889723662523599342e+04
5.889723665997406351e+04
5.889723669471259200e+04
5.889723672946995066e+04
5.889723676418250398e+04
5.889723679894138331e+04
5.889723683365522447e+04
5.889723686839170841e+04
5.889723690312684630e+04
5.889723693788797391e+04
5.889723697260161862e+04
5.889723700736013416e+04
5.889723704207238188e+04
5.889723707680904045e+04
5.889723711154446937e+04
5.889723714627998561e+04
5.889723718101521808e+04
5.889723721575336822e+04
5.889723725049087079e+04
5.889723728524983017e+04
5.889723731996257266e+04
5.889723735472407134e+04
5.889723738943391072e+04
5.889723742417048197e+04
5.889723745890622376e+04
5.889723749366560514e+04
5.889723752838173095e+04
5.889723756311555917e+04
5.889723759785101720e+04
5.889723763261396380e+04
5.889723766732453078e+04
5.889723770208258793e+04
5.889723773679486476e+04
5.889723777153192350e+04
5.889723780627083033e+04
5.889723784100516787e+04
5.889723787574153539e+04
5.889723791047757550e+04
5.889723794521400123e+04
5.889723797997229849e+04
5.889723801468543388e+04
5.889723804944577569e+04
5.889723808416045358e+04
5.889723811891811056e+04
5.889723815363110771e+04
5.889723818839327578e+04
5.889723822310238029e+04
5.889723825783856591e+04
5.889723829257491889e+04
5.889723832731191214e+04
5.889723836204910913e+04
5.889723839678442164e+04
5.889723843152051995e+04
5.889723846628232423e+04
5.889723850099273841e+04
5.889723853572812368e+04
5.889723857046508783e+04
5.889723860520177550e+04
5.889723863993818668e+04
5.889723867469595280e+04
5.889723870940962661e+04
5.889723874417052139e+04
5.889723877888195420e+04
5.889723881361768872e+04
5.889723884835436183e+04
5.889723888309122412e+04
5.889723891782898136e+04
5.889723895258715493e+04
5.889723898729918437e+04
5.889723902203665057e+04
5.889723905677064613e+04
5.889723909152986744e+04
5.889723912624391232e+04
5.889723916098064365e+04
5.889723919571859733e+04
5.889723923047637072e+04
5.889723926518872759e+04
5.889723929992657941e+04
5.889723933466121525e+04
5.889723936939691339e+04
5.889723940413321543e+04
5.889723943887040514e+04
5.889723947360755847e+04
5.889723950834203424e+04
5.889723954307907115e+04
5.889723957781483477e+04
5.889723961255090398e+04
5.889723964728639112e+04
5.889723968202363903e+04
5.889723971678381349e+04
5.889723975149620674e+04
5.889723978625552991e+04
5.889723982096740656e+04
5.889723985570559307e+04
5.889723989044094924e+04
5.889723992517821171e+04
5.889723995991434640e+04
5.889723999464886583e+04
5.889724002938715421e+04
5.889724006414404721e+04
5.889724009885986743e+04
5.889724013362010010e+04
5.889724016833009955e+04
5.889724020309260959e+04
5.889724023780259449e+04
5.889724027256366389e+04
5.889724030727467471e+04
5.889724034203356860e+04
5.889724037674663123e+04
5.889724041148451943e+04
5.889724044622051588e+04
5.889724048098145431e+04
5.889724051569281437e+04
5.889724055045226123e+04
5.889724058516526566e+04
5.889724061992402858e+04
5.889724065463574516e+04
5.889724068939842255e+04
5.889724072410809458e+04
5.889724075884484773e+04
5.889724079358146992e+04
5.889724082834209548e+04
5.889724086305589299e+04
5.889724089779048518e+04
5.889724093252659804e+04
5.889724096728808945e+04
5.889724100199925306e+04
5.889724103673584614e+04
5.889724107147307950e+04
5.889724110623150773e+04
5.889724114094336255e+04
4.058700000000000000e+04
