1.581833945919535637e+09
1.581833948920366764e+09
1.581833951921687365e+09
1.581833954922947884e+09
1.581833957924069643e+09
1.581833960925242186e+09
1.581833963926538467e+09
1.581833966927793026e+09
1.581833969929032326e+09
1.581833972930194616e+09
1.581833975931512356e+09
1.581833978932711601e+09
1.581833981933845520e+09
1.581833984935765743e+09
1.581833987936379910e+09
1.581833990937588215e+09
1.581833993938717127e+09
1.581833996940009117e+09
1.581833999941228390e+09
1.581834002942322493e+09
1.581834005943625927e+09
1.581834008944860935e+09
1.581834011946120977e+09
1.581834014947295189e+09
1.581834017948511124e+09
1.581834020949764252e+09
1.581834023950833559e+09
1.581834026952191353e+09
1.581834029953307390e+09
1.581834032954582453e+09
1.581834035955785990e+09
1.581834038957000017e+09
1.581834041958174944e+09
1.581834044959369898e+09
1.581834047960721016e+09
1.581834050961799860e+09
1.581834053963062286e+09
1.581834056964158297e+09
1.581834059965508938e+09
1.581834062966723680e+09
1.581834065967928648e+09
1.581834068969181061e+09
1.581834071970345736e+09
1.581834074971476555e+09
1.581834077972821236e+09
1.581834080974077940e+09
1.581834083975125313e+09
1.581834086976427555e+09
1.581834089977554560e+09
1.581834092978771210e+09
1.581834095980105162e+09
1.581834098981332541e+09
1.581834101982505798e+09
1.581834104983636379e+09
1.581834107984971285e+09
1.581834110986261845e+09
1.581834113987450361e+09
1.581834116988615274e+09
1.581834119989778042e+09
1.581834122991051197e+09
1.581834125992126703e+09
1.581834128993472338e+09
1.581834131994559288e+09
1.581834134995873213e+09
1.581834137997092962e+09
1.581834140998341084e+09
1.581834143999547243e+09
1.581834147000805140e+09
1.581834150001928091e+09
1.581834153003209829e+09
1.581834156004406929e+09
1.581834159005530596e+09
1.581834162006760359e+09
1.581834165008090973e+09
1.581834168009268045e+09
1.581834171010464430e+09
1.581834174011581898e+09
1.581834177012912035e+09
1.581834180014106989e+09
1.581834183015295506e+09
1.581834186016521931e+09
1.581834189017678261e+09
1.581834192019011021e+09
1.581834195020219803e+09
1.581834198021440983e+09
1.581834201022689342e+09
1.581834204023764610e+09
1.581834207025063753e+09
1.581834210026239634e+09
1.581834213027501583e+09
1.581834216028715134e+09
1.581834219029853582e+09
1.581834222031146288e+09
1.581834225032313347e+09
1.581834228033540726e+09
1.581834231034734726e+09
1.581834234035920620e+09
1.581834237037177086e+09
1.581834240038436890e+09
1.581834243039560080e+09
1.581834246040857553e+09
1.581834249042123556e+09
1.581834252043172598e+09
1.581834255044510841e+09
1.581834258045717001e+09
1.581834261046942234e+09
1.581834264048153639e+09
1.581834267049395084e+09
1.581834270051042080e+09
1.581834273051852226e+09
1.581834276053870678e+09
1.581834279054095030e+09
1.581834282055398941e+09
1.581834285056646109e+09
1.581834288057734251e+09
1.581834291058965921e+09
1.581834294061192751e+09
1.581834297061980247e+09
1.581834300063091755e+09
1.581834303063910246e+09
1.581834306065038681e+09
1.581834309066471577e+09
1.581834312068505526e+09
1.581834315068902493e+09
1.581834318069893122e+09
1.581834321071233511e+09
1.581834324072377443e+09
1.581834327073626518e+09
1.581834330074763775e+09
1.581834333075979710e+09
1.581834336077199459e+09
1.581834339078504801e+09
1.581834342079720974e+09
1.581834345080924273e+09
1.581834348082176924e+09
1.581834351083298683e+09
1.581834354084560633e+09
1.581834357085699558e+09
1.581834360086925030e+09
1.581834363088189840e+09
1.581834366089352608e+09
1.581834369090792418e+09
1.581834372091856003e+09
1.581834375093081236e+09
1.581834378094258308e+09
1.581834381095508814e+09
1.581834384096741438e+09
1.581834387097865582e+09
1.581834390099087954e+09
1.581834393100290298e+09
1.581834396101513863e+09
1.581834399102763653e+09
1.581834402103981256e+09
1.581834405105159760e+09
1.581834408106375217e+09
1.581834411107810497e+09
1.581834414108891726e+09
1.581834417110099554e+09
1.581834420111241341e+09
1.581834423112537146e+09
1.581834426113668680e+09
1.581834429114897966e+09
1.581834432116175652e+09
1.581834435117529869e+09
1.581834438118771791e+09
1.581834441119804859e+09
1.581834444121104240e+09
1.581834447122083426e+09
1.581834450123502254e+09
1.581834453124756098e+09
1.581834456125888109e+09
1.581834459127197742e+09
1.581834462128287077e+09
1.581834465129587650e+09
1.581834468130975008e+09
1.581834471132058859e+09
1.581834474133267164e+09
1.581834477134456635e+09
1.581834480135798216e+09
1.581834483136789322e+09
1.581834486138154745e+09
1.581834489139262438e+09
1.581834492140602827e+09
1.581834495141778946e+09
1.581834498143009663e+09
1.581834501144308329e+09
1.581834504145381689e+09
1.581834507146532059e+09
1.581834510147737265e+09
1.581834513148997307e+09
1.581834516150293589e+09
1.581834519151518106e+09
1.581834522152727604e+09
1.581834525153944492e+09
1.581834528155159712e+09
1.581834531156508684e+09
1.581834534157596827e+09
1.581834537158818483e+09
1.581834540160076380e+09
1.581834543161252975e+09
1.581834546162424088e+09
1.581834549163686275e+09
1.581834552164894581e+09
1.581834555166142464e+09
1.581834558167478323e+09
1.581834561168553591e+09
1.581834564169682503e+09
1.581834567170931101e+09
1.581834570172156096e+09
1.581834573173331261e+09
1.581834576174592018e+09
1.581834579175802231e+09
1.581834582176977396e+09
1.581834585178231716e+09
1.581834588179408550e+09
1.581834591180613756e+09
1.581834594181899786e+09
1.581834597183151722e+09
1.581834600184305191e+09
1.581834603185544014e+09
1.581834606186663866e+09
1.581834609187918425e+09
1.581834612189219236e+09
1.581834615190443039e+09
1.581834618191658258e+09
1.581834621192958355e+09
1.581834624194121361e+09
1.581834627195396185e+09
1.581834630196516275e+09
1.581834633197647810e+09
1.581834636198832750e+09
1.581834639200173140e+09
1.581834642201338291e+09
1.581834645202598095e+09
1.581834648203775406e+09
1.581834651205030441e+09
1.581834654206155062e+09
1.581834657207427263e+09
1.581834660208676100e+09
1.581834663209892273e+09
1.581834666211160660e+09
1.581834669212370157e+09
1.581834672213456631e+09
1.581834675214764595e+09
1.581834678216081619e+09
1.581834681217226744e+09
1.581834684218529224e+09
1.581834687219670534e+09
1.581834690220857143e+09
1.581834693221981525e+09
1.581834696223283768e+09
1.581834699224631071e+09
1.581834702225800276e+09
1.581834705226892710e+09
1.581834708228055477e+09
1.581834711229321957e+09
1.581834714230630159e+09
1.581834717231849670e+09
1.581834720232967854e+09
1.581834723234145880e+09
1.581834726235458851e+09
1.581834729236573219e+09
1.581834732237793446e+09
1.581834735239095449e+09
1.581834738240307808e+09
1.581834741241539478e+09
1.581834744242753267e+09
1.581834747243972778e+09
1.581834750245086908e+09
1.581834753246303797e+09
1.581834756247506380e+09
1.581834759248784542e+09
1.581834762250045538e+09
1.581834765251143456e+09
1.581834768252527475e+09
1.581834771253687143e+09
1.581834774254830599e+09
1.581834777256529093e+09
1.581834780257348776e+09
1.581834783258518219e+09
1.581834786259754181e+09
1.581834789261004686e+09
1.581834792262263298e+09
1.581834795263352156e+09
1.581834798264552116e+09
1.581834801265858412e+09
1.581834804266991138e+09
1.581834807268300295e+09
1.581834810269514322e+09
1.581834813270604610e+09
1.581834816271987438e+09
1.581834819273161650e+09
1.581834822274430990e+09
1.581834825275510073e+09
1.581834828276823521e+09
1.581834831278031588e+09
1.581834834279203415e+09
1.581834837280468702e+09
1.581834840281719208e+09
1.581834843282898188e+09
1.581834846284027815e+09
1.581834849285362244e+09
1.581834852286595821e+09
1.581834855287805557e+09
1.581834858288986683e+09
1.581834861290240526e+09
1.581834864291375637e+09
1.581834867292627335e+09
1.581834870293806553e+09
1.581834873295109034e+09
1.581834876296237946e+09
1.581834879297449827e+09
1.581834882298759937e+09
1.581834885299844742e+09
1.581834888301191568e+09
1.581834891302379370e+09
1.581834894303677559e+09
1.581834897304715633e+09
1.581834900306015968e+09
1.581832810744373322e+09
