5.889622688894435851e+04
5.889622692367587297e+04
5.889622695841141103e+04
5.889622699314850615e+04
5.889622702788464085e+04
5.889622706263132568e+04
5.889622709735765238e+04
5.889622713209391804e+04
5.889622716683079489e+04
5.889622720156588184e+04
5.889622723630316614e+04
5.889622727103943907e+04
5.889622730577538459e+04
5.889622734051104635e+04
5.889622737524788681e+04
5.889622740998427616e+04
5.889622744472073100e+04
5.889622747945584706e+04
5.889622751419323322e+04
5.889622754892911325e+04
5.889622758366621565e+04
5.889622761840277235e+04
5.889622765313882701e+04
5.889622768787472160e+04
5.889622772261112550e+04
5.889622775734731840e+04
5.889622779208404245e+04
5.889622782682030811e+04
5.889622786155623180e+04
5.889622789629289036e+04
5.889622793102947617e+04
5.889622796576615656e+04
5.889622800050135993e+04
5.889622803523761104e+04
5.889622806997372390e+04
5.889622810471011326e+04
5.889622813944543304e+04
5.889622817418324121e+04
5.889622820891899028e+04
5.889622824365476845e+04
5.889622827839156525e+04
5.889622831312863127e+04
5.889622834786500607e+04
5.889622838260065328e+04
5.889622841733555833e+04
5.889622845207374485e+04
5.889622848680940660e+04
5.889622852154577413e+04
5.889622855628268007e+04
5.889622859101704671e+04
5.889622862575422914e+04
5.889622866049056029e+04
5.889622869522731344e+04
5.889622872996355727e+04
5.889622876469892799e+04
5.889622879943621956e+04
5.889622883417309640e+04
5.889622886890824157e+04
5.889622890364503110e+04
5.889622893838136224e+04
5.889622897312503483e+04
5.889622900785443926e+04
5.889622904259013740e+04
5.889622907732518070e+04
5.889622911206258868e+04
5.889622914679913811e+04
5.889622918153568753e+04
5.889622921627120377e+04
5.889622925100696739e+04
5.889622928574458638e+04
5.889622932047954237e+04
5.889622935521693580e+04
5.889622938995349978e+04
5.889622942468958354e+04
5.889622945942599472e+04
5.889622949416098709e+04
5.889622952889678709e+04
5.889622956363351841e+04
5.889622959837176313e+04
5.889622963310715568e+04
5.889622966784275195e+04
5.889622970257965790e+04
5.889622973731493403e+04
5.889622977205205098e+04
5.889622980678753083e+04
5.889622984152515710e+04
5.889622987626110262e+04
5.889622991099741193e+04
5.889622994573363394e+04
5.889622998047131841e+04
5.889623001520609978e+04
5.889623004994247458e+04
5.889623008467864565e+04
5.889623011941544974e+04
5.889623015415230475e+04
5.889623018888850493e+04
5.889623022362430493e+04
5.889623025836021407e+04
5.889623029309602862e+04
5.889623032783321105e+04
5.889623036257017520e+04
5.889623039730540040e+04
5.889623043204143323e+04
5.889623046677697857e+04
5.889623050151467760e+04
5.889623053625137254e+04
5.889623057098725985e+04
5.889623060572220857e+04
5.889623064045938372e+04
5.889623067519562028e+04
5.889623070993148576e+04
5.889623074466820981e+04
5.889623077940497024e+04
5.889623081414078479e+04
5.889623084887686127e+04
5.889623088361383270e+04
5.889623091834968363e+04
5.889623095308613119e+04
5.889623098783157911e+04
5.889623102255949198e+04
5.889623105729533563e+04
5.889623109203116474e+04
5.889623112676735036e+04
5.889623116150397982e+04
5.889623119624167157e+04
5.889623123097534699e+04
5.889623126571257308e+04
5.889623130044803838e+04
5.889623133518484246e+04
5.889623136992370564e+04
5.889623140465837059e+04
5.889623143939415604e+04
5.889623147413081460e+04
5.889623150886705116e+04
5.889623154360376066e+04
5.889623157833867299e+04
5.889623161307539704e+04
5.889623164781189553e+04
5.889623168254857592e+04
5.889623171728344460e+04
5.889623175202168204e+04
5.889623178675652161e+04
5.889623182149667264e+04
5.889623185622993333e+04
5.889623189096541319e+04
5.889623192570079118e+04
5.889623196043839562e+04
5.889623199517520698e+04
5.889623202991106518e+04
5.889623206464705436e+04
5.889623209938366927e+04
5.889623213411895995e+04
5.889623216885522561e+04
5.889623220359253901e+04
5.889623223832786607e+04
5.889623227306575427e+04
5.889623230780608719e+04
5.889623234253777628e+04
5.889623237727390369e+04
5.889623241200931807e+04
5.889623244674667512e+04
5.889623248148379207e+04
5.889623251621921372e+04
5.889623255095497007e+04
5.889623258569177415e+04
5.889623262042833812e+04
5.889623265516333049e+04
5.889623268990110955e+04
5.889623272463780449e+04
5.889623275937329890e+04
5.889623279410994292e+04
5.889623282884516084e+04
5.889623286358242331e+04
5.889623289831898001e+04
5.889623293305502739e+04
5.889623296779085649e+04
5.889623300252714398e+04
5.889623303726374434e+04
5.889623307200068666e+04
5.889623310673631931e+04
5.889623314147202473e+04
5.889623317620956368e+04
5.889623321094541461e+04
5.889623324568309181e+04
5.889623328041764034e+04
5.889623331515458995e+04
5.889623334989153227e+04
5.889623338462739048e+04
5.889623341936351790e+04
5.889623345409992908e+04
5.889623348883483413e+04
5.889623352357170370e+04
5.889623355830738001e+04
5.889623359304384940e+04
5.889623362777952570e+04
5.889623366251721018e+04
5.889623369725432713e+04
5.889623373198959598e+04
5.889623376672512677e+04
5.889623380146191630e+04
5.889623383619783999e+04
5.889623387093401107e+04
5.889623390567038587e+04
5.889623394040731364e+04
5.889623397514376120e+04
5.889623400987937202e+04
5.889623404461557220e+04
5.889623407935327123e+04
5.889623411408829998e+04
5.889623414882448560e+04
5.889623418356067850e+04
5.889623421829829749e+04
5.889623425303505792e+04
5.889623428777096706e+04
5.889623432250819315e+04
5.889623435724447336e+04
5.889623439197862899e+04
5.889623442671666271e+04
5.889623446145244816e+04
5.889623449618762243e+04
5.889623453092388809e+04
5.889623456566013192e+04
5.889623460039643396e+04
5.889623463513285969e+04
5.889623466987097345e+04
5.889623470460742828e+04
5.889623473934281355e+04
5.889623477407956671e+04
5.889623480881576688e+04
5.889623484355174878e+04
5.889623487828888028e+04
5.889623491302533512e+04
5.889623494776130246e+04
5.889623498249758268e+04
5.889623501723357913e+04
5.889623505196986662e+04
5.889623508670517913e+04
5.889623512144081906e+04
5.889623515617883822e+04
5.889623519091404160e+04
5.889623522564978339e+04
5.889623526038655837e+04
5.889623529512252571e+04
5.889623532985834754e+04
5.889623536459564639e+04
5.889623539933092979e+04
5.889623543406977115e+04
5.889623546880392678e+04
5.889623550354017789e+04
5.889623553827811702e+04
5.889623557301344408e+04
5.889623560775043006e+04
5.889623564248783805e+04
5.889623567722128792e+04
5.889623571195900877e+04
5.889623574669638765e+04
5.889623578143018676e+04
5.889623581616747106e+04
5.889623585090269626e+04
5.889623588563920930e+04
5.889623592037580238e+04
5.889623595511166059e+04
5.889623598984850105e+04
5.889623602458518872e+04
5.889623605932050850e+04
5.889623609405949537e+04
5.889623612879330904e+04
5.889623616353125544e+04
5.889623619826692448e+04
5.889623623300430336e+04
5.889623626773878641e+04
5.889623630247698020e+04
5.889623633721265651e+04
5.889623637194972252e+04
5.889623640668502776e+04
5.889623644142215926e+04
5.889623647615965456e+04
5.889623651089465420e+04
5.889623654562985757e+04
5.889623658036718552e+04
5.889623661510177044e+04
5.889623664983809431e+04
5.889623668457445456e+04
5.889623671931021090e+04
5.889623675404696405e+04
5.889623678878285136e+04
5.889623682352125616e+04
5.889623685825758002e+04
5.889623689299182297e+04
5.889623692772862705e+04
5.889623696246627514e+04
5.889623699720225704e+04
5.889623703193861002e+04
5.889623706667843362e+04
5.889623710141208721e+04
5.889623713614636654e+04
5.889623717088218109e+04
5.889623720562091330e+04
5.889623724035624036e+04
5.889623727509323362e+04
5.889623730982927373e+04
5.889623734456553939e+04
5.889623737930088100e+04
5.889623741403868189e+04
5.889623744877297577e+04
5.889623748351036193e+04
5.889623751824738429e+04
5.889623755298334436e+04
5.889623758771975554e+04
5.889623762245589751e+04
5.889623765719155926e+04
5.889623769192859618e+04
5.889623772666418517e+04
5.889623776140123664e+04
5.889623779613740771e+04
5.889623783087370248e+04
5.889623786560995359e+04
5.889623790034482954e+04
5.889623793508311792e+04
4.058700000000000000e+04
