58895.26243296499
58895.262467693465
58895.262502427606
58895.262537161056
58895.26257189289
58895.26260662532
58895.26264135918
58895.262676092556
58895.26271082576
58895.26274555806
58895.26278029217
58895.26281502491
58895.262849756895
58895.26288449797
58895.26291922393
58895.26295395678
58895.2629886887
58895.263023422514
58895.26305815548
58895.26309288699
58895.26312762094
58895.26316235409
58895.26319708753
58895.263231819976
58895.2632665529
58895.26330128627
58895.263336017495
58895.26337075207
58895.26340548384
58895.26344021746
58895.26347495025
58895.26350968315
58895.26354441561
58895.2635791483
58895.26361388279
58895.263648614135
58895.2636833476
58895.263718079135
58895.26375281363
58895.263787546544
58895.26382227935
58895.2638570127
58895.26389174503
58895.26392647698
58895.2639612114
58895.2639959448
58895.26403067578
58895.264065409705
58895.26410014161
58895.264134874546
58895.26416960884
58895.264204341904
58895.264239074335
58895.26427380628
58895.26430854059
58895.26434327438
58895.26437800699
58895.26441273933
58895.26444747164
58895.26448220524
58895.26451693654
58895.26455167097
58895.26458640241
58895.26462113647
58895.26465586944
58895.264690602744
58895.26472533556
58895.26476006898
58895.26479480083
58895.26482953452
58895.264864267236
58895.26489899909
58895.26493373218
58895.26496846644
58895.26500319892
58895.26503793162
58895.26507266342
58895.26510739767
58895.265142130345
58895.265176862966
58895.265211596015
58895.26524632825
58895.26528106254
58895.265315795375
58895.26535052837
58895.26538526168
58895.265419992975
58895.26545472686
58895.265489459336
58895.26552419279
58895.2655589257
58895.26559365773
58895.26562839155
58895.265663123915
58895.26569785697
58895.26573258964
58895.265767322235
58895.26580205563
58895.26583678906
58895.265871520925
58895.2659062548
58895.2659409883
58895.2659757193
58895.26601045365
58895.26604518646
58895.26607991949
58895.266114652375
58895.2661493856
58895.26618412351
58895.26621885175
58895.26625359397
58895.26628831542
58895.26632304937
58895.26635778265
58895.2663925141
58895.26642724722
58895.26646199185
58895.266496719814
58895.26653145154
58895.26656617987
58895.26660091178
58895.266635647225
58895.26667038962
58895.26670511307
58895.2667398434
58895.266774577765
58895.266809309855
58895.266844043166
58895.26687877519
58895.266913508116
58895.266948241086
58895.26698297506
58895.267017707985
58895.267052440766
58895.26708717413
58895.26712190596
58895.26715663942
58895.267191371466
58895.2672261045
58895.267260837994
58895.2672955703
58895.26733030583
58895.26736503699
58895.267399770026
58895.267434502515
58895.26746923584
58895.26750396896
58895.26753870082
58895.26757343383
58895.2676081666
58895.26764289962
58895.26767763294
58895.26771236589
58895.26774709838
58895.2677818313
58895.267816566775
58895.267851298144
58895.267886030975
58895.26792076305
58895.26795549691
58895.26799022885
58895.26802496194
58895.26805969558
58895.26809443011
58895.26812916334
58895.26816389416
58895.26819862805
58895.268233358234
58895.26826809351
58895.26830282688
58895.26833755884
58895.26837229285
58895.26840702432
58895.26844175823
58895.26847649313
58895.26851122453
58895.26854595738
58895.26858069
58895.26861542438
58895.26865015471
58895.26868488937
58895.268719621046
58895.26875435541
58895.26878908788
58895.26882382098
58895.26885855487
58895.26889328614
58895.26892801831
58895.26896275112
58895.268997484556
58895.26903221841
58895.26906695145
58895.2691016843
58895.269136417235
58895.269171150154
58895.26920588463
58895.26924061608
58895.26927534907
58895.26931008248
58895.269344814966
58895.26937954737
58895.26941428083
58895.26944901367
58895.269483746975
58895.26951848129
58895.26955321259
58895.26958794451
58895.26962267782
58895.26965741085
58895.26969214331
58895.26972687675
58895.26976160961
58895.26979634207
58895.26983107545
58895.26986580792
58895.26990054072
58895.26993527447
58895.26997000781
58895.270004740014
58895.27003947321
58895.27007420503
58895.270108938406
58895.270143672315
58895.27017840533
58895.270213138254
58895.270247872155
58895.27028260447
58895.27031733808
58895.2703520699
58895.27038680185
58895.27042153442
58895.27045626879
58895.27049100113
58895.27052573457
58895.27056046705
58895.270595200425
58895.270629932296
58895.270664665884
58895.27069939919
58895.27073413212
58895.27076886565
58895.270803598505
58895.27083832994
58895.270873063935
58895.27090779803
58895.27094253014
58895.27097726407
58895.27101199614
58895.271046728725
58895.27108146059
58895.27111619452
58895.271150928966
58895.27118566136
58895.27122039285
58895.27125512517
58895.271289858676
58895.27132459268
58895.27135932565
58895.27139405745
58895.27142878993
58895.27146352398
58895.27149825574
58895.271532988714
58895.27156772264
58895.27160245553
58895.271637188634
58895.271671921546
58895.27170665451
58895.27174138626
58895.271776119196
58895.27181085197
58895.27184558562
58895.27188031907
58895.27191505063
58895.27194978551
58895.27198451778
58895.272019249875
58895.27205398839
58895.27208871673
58895.27212344912
58895.27215818228
58895.2721929156
58895.27222764903
58895.27226238049
58895.27229711323
58895.272331847205
58895.272366579164
58895.27240131318
58895.272436046085
58895.272470777556
58895.27250551242
58895.272540244856
58895.2725749784
58895.272609709755
58895.27264444381
58895.27267917665
58895.272713909064
58895.27274864256
58895.27278337589
58895.272818108395
58895.27285284032
58895.27288757462
58895.27292230775
58895.2729570406
58895.272991773134
58895.273026506504
58895.27306123849
58895.27309597183
58895.273130704336
58895.273165438266
58895.27320017019
58895.27323490307
58895.27326963709
58895.27330436849
58895.27333910294
58895.27337383554
58895.273408569425
58895.27344330029
58895.27347803419
58895.24929563619
