-0.0017228507368132234
-0.0017228540778936449
-0.0017228574193681111
-0.0017228607610008855
-0.001722864102547769
-0.0017228674451172958
-0.001722870785736341
-0.0017228741273185725
-0.0017228774689677935
-0.0017228808104525247
-0.0017228841521550427
-0.0017228874937695055
-0.0017228908353575396
-0.0017228941769275982
-0.0017228975186177483
-0.0017229008602729341
-0.0017229042019420158
-0.0017229075434890774
-0.0017229108852623962
-0.0017229142268967118
-0.0017229175686574586
-0.0017229209103747402
-0.001722924252048589
-0.0017229275937171813
-0.0017229309354400276
-0.0017229342771512613
-0.001722937618920973
-0.0017229409606535936
-0.0017229443023618572
-0.0017229476441477129
-0.0017229509859325901
-0.001722954327735572
-0.0017229576694037618
-0.0017229610111813831
-0.0017229643529516484
-0.0017229676947570077
-0.0017229710364658041
-0.0017229743784220822
-0.0017229777201883273
-0.0017229810619641944
-0.0017229844038452481
-0.0017229877457592786
-0.001722991087614951
-0.0017229944294101264
-0.0017229977711384755
-0.0017230011131907504
-0.0017230044550083817
-0.0017230077969014553
-0.0017230111388529847
-0.0017230144805677474
-0.001723017822561829
-0.0017230211644805597
-0.0017230245064471217
-0.0017230278483722984
-0.0017230311902221075
-0.0017230345322641577
-0.0017230378742712237
-0.001723041216122185
-0.0017230445581377873
-0.001723047900116254
-0.0017230512428073306
-0.0017230545841359173
-0.001723057926075174
-0.0017230612679602817
-0.0017230646100801046
-0.0017230679521245513
-0.0017230712941764502
-0.001723074636135978
-0.0017230779781263201
-0.0017230813203046307
-0.0017230846622333968
-0.0017230880044032484
-0.0017230913465019477
-0.001723094688561366
-0.0017230980306579783
-0.0017231013726281934
-0.0017231047146823216
-0.0017231080568330971
-0.0017231113991378567
-0.001723114741173945
-0.0017231180832386899
-0.0017231214254361902
-0.0017231247674860503
-0.0017231281097175332
-0.0017231314518013695
-0.0017231347940986647
-0.0017231381362398514
-0.0017231414784266608
-0.0017231448206102959
-0.0017231481629415403
-0.0017231515050019428
-0.0017231548472226997
-0.0017231581894317503
-0.0017231615317098046
-0.0017231648739974212
-0.0017231682162329436
-0.0017231715584355347
-0.0017231749006561558
-0.0017231782428735745
-0.0017231815852321987
-0.0017231849275769883
-0.0017231882697613789
-0.0017231916120296514
-0.0017231949542606954
-0.001723198296705191
-0.0017232016390614866
-0.0017232049813465944
-0.0017232083235477677
-0.001723211665970867
-0.001723215008312135
-0.0017232183506246878
-0.0017232216930274688
-0.001723225035441877
-0.0017232283777702292
-0.0017232317201335624
-0.0017232350625892524
-0.001723238404946102
-0.0017232417473655795
-0.0017232450906590985
-0.0017232484322733826
-0.0017232517746576335
-0.001723255117047138
-0.001723258459480114
-0.0017232618019608404
-0.0017232651445530064
-0.001723268486765937
-0.0017232718293282284
-0.001723275171725847
-0.0017232785142625097
-0.0017232818570040922
-0.001723285199347323
-0.0017232885418083513
-0.001723291884359594
-0.0017232952268778326
-0.0017232985694480422
-0.0017233019118535332
-0.0017233052544405694
-0.0017233085970116038
-0.0017233119396090947
-0.00172331528203974
-0.0017233186248027442
-0.0017233219672438463
-0.001723325310204243
-0.001723328652509197
-0.001723331995036038
-0.001723335337559605
-0.0017233386803050638
-0.0017233420229792803
-0.0017233453655715889
-0.001723348708183979
-0.0017233520508631868
-0.0017233553934222683
-0.0017233587360821526
-0.0017233620788492186
-0.0017233654214345265
-0.001723368764273586
-0.0017233721073536654
-0.0017233754496104284
-0.0017233787923015117
-0.0017233821349298254
-0.001723385477754507
-0.00172338882056314
-0.0017233921632155177
-0.0017233955059070764
-0.0017233988487058015
-0.001723402191490581
-0.0017234055341297275
-0.0017234088770459678
-0.0017234122198654157
-0.001723415562575339
-0.001723418905403038
-0.0017234222481020654
-0.001723425591003852
-0.0017234289338449588
-0.001723432276646606
-0.0017234356194322027
-0.0017234389622697028
-0.0017234423051463467
-0.0017234456480600565
-0.0017234489908578125
-0.0017234523336692377
-0.0017234556766621782
-0.0017234590195030425
-0.0017234623625254147
-0.0017234657052533965
-0.0017234690482202282
-0.0017234723911943304
-0.0017234757340716155
-0.0017234790769816745
-0.0017234824199245185
-0.0017234857627322726
-0.0017234891057342778
-0.0017234924486309343
-0.0017234957916092408
-0.001723499134520437
-0.00172350247763013
-0.0017235058206939641
-0.001723509163586606
-0.0017235125065120022
-0.001723515849565762
-0.001723519192541812
-0.0017235225355506044
-0.0017235258785857782
-0.001723529221681327
-0.001723532564739498
-0.0017235359077220854
-0.0017235392507692815
-0.0017235425939682
-0.0017235459369193981
-0.0017235492799862226
-0.0017235526230624072
-0.001723555966281824
-0.001723559309427731
-0.0017235626524980281
-0.0017235659957030372
-0.0017235693388218238
-0.0017235726817459815
-0.0017235760250492024
-0.0017235793681450538
-0.0017235827111865458
-0.0017235860543414901
-0.001723589397503648
-0.0017235927406751912
-0.0017235960838688064
-0.0017235994272311321
-0.0017236027704392231
-0.0017236061135546502
-0.001723609456806921
-0.0017236128000132954
-0.0017236161432056417
-0.0017236194865177998
-0.0017236228297692056
-0.0017236261729831883
-0.0017236295162341303
-0.0017236328594646656
-0.0017236362027300374
-0.0017236395459091253
-0.0017236428891272857
-0.0017236462325800153
-0.0017236495757700962
-0.0017236529190204825
-0.001723656262375827
-0.0017236596056618683
-0.0017236629489402427
-0.0017236662923681696
-0.0017236696356078267
-0.001723672979198878
-0.0017236763223466608
-0.0017236796657013793
-0.0017236830092268868
-0.0017236863525088514
-0.001723689695955259
-0.0017236930394513305
-0.0017236963825742401
-0.0017236997261144268
-0.0017237030696299136
-0.001723706412806249
-0.0017237097563254828
-0.0017237130996542763
-0.0017237164431155977
-0.0017237197865904777
-0.0017237231300002986
-0.0017237264735150044
-0.0017237298170198982
-0.0017237331604002225
-0.0017237365041425457
-0.0017237398473926998
-0.0017237431910473735
-0.0017237465344903445
-0.0017237498781062055
-0.001723753221448752
-0.0017237565651554408
-0.0017237599086291507
-0.0017237632522417781
-0.0017237665956936737
-0.0017237699393269814
-0.001723773283003546
-0.0017237766264471474
-0.001723779969917019
-0.0017237833135980345
-0.0017237866570226981
-0.0017237900006223659
-0.0017237933442313124
-0.0017237966877921237
-0.0017238000314535947
-0.0017238033750393196
-0.0017238067188744286
-0.0017238100625169188
-0.001723813405964682
-0.0017238167496681765
-0.001723820093457451
-0.0017238234370965735
-0.0017238267807768363
-0.0017238301247978515
-0.001723833468233108
-0.001723836811734989
-0.0017238401553927325
-0.0017238434993380985
-0.0017238468429612195
-0.001723850186752944
-0.001723853530460407
-0.001723856874198339
-0.0017238602178520272
-0.001723863561750818
-0.001723866905316733
-0.0017238702491893679
-0.0017238735930350947
-0.0017238769367838162
-0.001723880280584253
-0.0017238836243641822
-0.001723886968106568
-0.0017238903119878106
-0.0017238936557380077
-0.0017238969996334543
-0.0017239003434530971
-0.0017239036872925737
-0.0017239070311327869
-0.0017239103748483238
-0.0017239137189003313
0.0027855434396375487
