-0.001818255695913124
-0.0018182590192424672
-0.0018182623432021286
-0.0018182656675009934
-0.0018182689916508238
-0.0018182723158223896
-0.0018182756400039874
-0.001818278964189787
-0.001818282288404506
-0.001818285612628169
-0.001818288936897885
-0.0018182922630796934
-0.0018182955851167605
-0.0018182989114843705
-0.0018183022337375664
-0.0018183055580357523
-0.0018183088825514855
-0.0018183122085617346
-0.0018183155304935408
-0.001818318857050635
-0.0018183221791763262
-0.0018183255054452225
-0.0018183288277643568
-0.001818332152303869
-0.0018183354764391474
-0.0018183388007092956
-0.0018183421251597165
-0.0018183454514070776
-0.0018183487736233713
-0.0018183521002033789
-0.0018183554222992431
-0.0018183587482866264
-0.0018183620710013019
-0.0018183653954214206
-0.0018183687197836276
-0.0018183720461705966
-0.0018183753684939776
-0.0018183786951122306
-0.0018183820173246943
-0.0018183853439239985
-0.0018183886662131296
-0.0018183919906925865
-0.0018183953150664573
-0.0018183986393864888
-0.0018184019639763704
-0.0018184052883742244
-0.001818408612825072
-0.001818411939402299
-0.001818415261809407
-0.001818418588338316
-0.0018184219107433481
-0.001818425237250217
-0.0018184285596527165
-0.0018184318863658999
-0.0018184352088554633
-0.0018184385334087318
-0.0018184418578493634
-0.00181844518451461
-0.0018184485069344194
-0.0018184518315108376
-0.0018184551560551617
-0.0018184584828435585
-0.0018184618052787785
-0.0018184651320023036
-0.0018184684542979436
-0.001818471781035828
-0.0018184751035995406
-0.0018184784297108193
-0.0018184817528136676
-0.0018184850777838073
-0.0018184884017748957
-0.0018184917265543922
-0.0018184950514096008
-0.0018184983781075637
-0.0018185017005742106
-0.0018185050274541013
-0.0018185083497988955
-0.001818511676825512
-0.0018185149993170421
-0.0018185183264697834
-0.0018185216486762872
-0.0018185249739422348
-0.001818528298299111
-0.0018185316255127724
-0.001818534947804876
-0.0018185382746481987
-0.0018185415969366363
-0.0018185449241600237
-0.001818548246426464
-0.001818551573604795
-0.0018185548960762588
-0.0018185582212305504
-0.0018185615459174306
-0.0018185648705644742
-0.0018185681951934972
-0.0018185715203671853
-0.0018185748450872128
-0.00181857816984068
-0.0018185814946772322
-0.001818584821776366
-0.0018185881442289219
-0.0018185914694717276
-0.001818594794396686
-0.001818598121127098
-0.0018186014440826526
-0.0018186047687812983
-0.0018186080938803674
-0.0018186114187032682
-0.0018186147435926146
-0.001818618070671224
-0.0018186213934829373
-0.0018186247205399107
-0.0018186280454797782
-0.001818631368275954
-0.0018186346930591144
-0.0018186380200644796
-0.0018186413428591497
-0.0018186446681138443
-0.0018186479931987891
-0.0018186513180970063
-0.0018186546428980031
-0.0018186579678999182
-0.001818661292819952
-0.0018186646179644047
-0.0018186679430702596
-0.0018186712680042048
-0.0018186745928494927
-0.0018186779179777972
-0.0018186812430171272
-0.001818684570391178
-0.0018186878933471248
-0.0018186912208663759
-0.0018186945435095321
-0.001818697868606832
-0.0018187011934786247
-0.0018187045185905117
-0.0018187078438427766
-0.0018187111711470984
-0.001818714493931239
-0.0018187178218002523
-0.0018187211444110037
-0.0018187244698660726
-0.0018187277947145544
-0.0018187311225261451
-0.0018187344449085625
-0.0018187377705752145
-0.0018187410953572796
-0.0018187444204610544
-0.0018187477455702597
-0.0018187510710572035
-0.0018187543960748419
-0.0018187577212446036
-0.0018187610465532377
-0.0018187643720012268
-0.001818767696975385
-0.0018187710222063367
-0.0018187743474691446
-0.0018187776728581996
-0.0018187809981764014
-0.0018187843255773283
-0.0018187876485219229
-0.0018187909760135066
-0.001818794299100344
-0.0018187976243764555
-0.001818800949691606
-0.001818804277365361
-0.0018188076007444047
-0.0018188109280324095
-0.0018188142508956313
-0.001818817578552248
-0.0018188209017019465
-0.001818824229240049
-0.001818827552389954
-0.0018188308800257342
-0.0018188342032243344
-0.001818837528597589
-0.0018188408540083046
-0.0018188441795330532
-0.0018188475047009778
-0.001818850830097738
-0.001818854155342922
-0.0018188574810213143
-0.0018188608063484037
-0.0018188641319310838
-0.0018188674572484403
-0.0018188707830239432
-0.0018188741083637761
-0.0018188774359679518
-0.0018188807590144075
-0.0018188840846725645
-0.0018188874103810964
-0.0018188907378988923
-0.0018188940611351802
-0.0018188973888124693
-0.0018189007121854903
-0.0018189040377331132
-0.0018189073631597425
-0.00181891069108023
-0.0018189140144622383
-0.0018189173421473807
-0.0018189206654100614
-0.0018189239910161295
-0.0018189273165114819
-0.001818930642022803
-0.001818933967512947
-0.00181893729328987
-0.0018189406190117032
-0.0018189439467953274
-0.001818947270160777
-0.0018189505982003796
-0.0018189539213022687
-0.0018189572469695314
-0.001818960572564355
-0.0018189639004301062
-0.0018189672241611546
-0.001818970549593347
-0.0018189738751889695
-0.0018189772034236914
-0.0018189805266504244
-0.0018189838544307665
-0.0018189871778346474
-0.0018189905036184808
-0.001818993829585896
-0.0018189971551230665
-0.0018190004808613296
-0.0018190038065748686
-0.0018190071323328394
-0.0018190104601912072
-0.0018190137837332007
-0.0018190171118017868
-0.0018190204355047514
-0.001819023763329574
-0.0018190270868860055
-0.001819030415156702
-0.0018190337383539113
-0.0018190370641514519
-0.0018190403899710098
-0.0018190437158595364
-0.0018190470417739533
-0.0018190503675151058
-0.001819053693338468
-0.0018190570216301083
-0.0018190603450076483
-0.0018190636707832786
-0.0018190669967174807
-0.0018190703226313276
-0.0018190736485263637
-0.0018190769764727431
-0.0018190803002037068
-0.0018190836284638111
-0.0018190869519943253
-0.0018190902778584747
-0.0018190936038190904
-0.001819096929805379
-0.0018191002558844212
-0.0018191035839244909
-0.001819106907553722
-0.0018191102336252993
-0.0018191135593715467
-0.0018191168875398417
-0.0018191202113891547
-0.0018191235374178177
-0.0018191268635698642
-0.001819130191627418
-0.0018191335153425366
-0.00181913684150616
-0.0018191401673684569
-0.0018191434933394702
-0.0018191468193749683
-0.0018191501455021698
-0.0018191534716333168
-0.0018191567975149175
-0.0018191601236481625
-0.001819163449666192
-0.0018191667757208806
-0.001819170101726566
-0.0018191734279072798
-0.0018191767562908913
-0.0018191800801057433
-0.0018191834084208052
-0.0018191867321998782
-0.0018191900585056134
-0.0018191933845461217
-0.0018191967107770235
-0.00181920003690574
-0.001819203362887466
-0.0018192066892364644
-0.00181921001737389
-0.00181921334158514
-0.0018192166700565608
-0.0018192199937238967
-0.0018192233224261572
-0.001819226646106456
-0.0018192299746851634
-0.0018192332984769397
-0.0018192366268607893
-0.0018192399508625773
-0.0018192432772486948
-0.0018192466034602187
-0.0018192499320669206
-0.0018192532559326382
-0.0018192565844104404
-0.0018192599084477334
-0.001819263236873815
-0.0018192665608012762
-0.0018192698896157568
-0.001819273213360825
-0.0018192765397059532
-0.0018192798660455415
-0.0018192831946906348
-0.0018192865188587377
-0.0018192898450242775
-0.001819293171342038
-0.0018192965000973648
-0.0018192998240399434
-0.001819303150424432
-0.001819306476877149
-0.0018193098053661896
-0.0018193131294015794
0.0027855506444056074
