1.581917203203221083e+09
1.581917206203972101e+09
1.581917209205227137e+09
1.581917212206479311e+09
1.581917215207586288e+09
1.581917218208857775e+09
1.581917221210065842e+09
1.581917224211254120e+09
1.581917227212481022e+09
1.581917230213783026e+09
1.581917233214906454e+09
1.581917236216097832e+09
1.581917239217270851e+09
1.581917242218615294e+09
1.581917245219687462e+09
1.581917248220863581e+09
1.581917251222136497e+09
1.581917254223401308e+09
1.581917257224554062e+09
1.581917260225800276e+09
1.581917263227033615e+09
1.581917266228206396e+09
1.581917269229377031e+09
1.581917272230608225e+09
1.581917275231798649e+09
1.581917278233213663e+09
1.581917281234257460e+09
1.581917284235475779e+09
1.581917287236742496e+09
1.581917290237991333e+09
1.581917293239165783e+09
1.581917296240336180e+09
1.581917299241508245e+09
1.581917302242780685e+09
1.581917305243890524e+09
1.581917308245065928e+09
1.581917311246433735e+09
1.581917314247557878e+09
1.581917317248723984e+09
1.581917320249938726e+09
1.581917323251230717e+09
1.581917326252430201e+09
1.581917329253633976e+09
1.581917332254811764e+09
1.581917335256094217e+09
1.581917338257313251e+09
1.581917341258478403e+09
1.581917344259680510e+09
1.581917347260884285e+09
1.581917350262105465e+09
1.581917353263403177e+09
1.581917356264562130e+09
1.581917359265682459e+09
1.581917362266882181e+09
1.581917365268122196e+09
1.581917368269294739e+09
1.581917371270563841e+09
1.581917374271785498e+09
1.581917377272976398e+09
1.581917380274278164e+09
1.581917383275373936e+09
1.581917386276687622e+09
1.581917389277760744e+09
1.581917392279056072e+09
1.581917395280188084e+09
1.581917398281371832e+09
1.581917401282623768e+09
1.581917404283889532e+09
1.581917407285073280e+09
1.581917410286244392e+09
1.581917413287500143e+09
1.581917416288708448e+09
1.581917419289872646e+09
1.581917422291054726e+09
1.581917425292308807e+09
1.581917428293564081e+09
1.581917431294737101e+09
1.581917434295958519e+09
1.581917437297165155e+09
1.581917440298464298e+09
1.581917443299622536e+09
1.581917446300709009e+09
1.581917449301995993e+09
1.581917452303164244e+09
1.581917455304446220e+09
1.581917458305593967e+09
1.581917461306767702e+09
1.581917464307968855e+09
1.581917467309172392e+09
1.581917470310615301e+09
1.581917473311591625e+09
1.581917476312796831e+09
1.581917479314015388e+09
1.581917482315261841e+09
1.581917485316502810e+09
1.581917488317710400e+09
1.581917491318892479e+09
1.581917494320055246e+09
1.581917497321393251e+09
1.581917500322506428e+09
1.581917503323760748e+09
1.581917506324882984e+09
1.581917509326114655e+09
1.581917512327399492e+09
1.581917515328547001e+09
1.581917518329893351e+09
1.581917521330986738e+09
1.581917524332277060e+09
1.581917527333332777e+09
1.581917530334562778e+09
1.581917533335729122e+09
1.581917536336973667e+09
1.581917539338211536e+09
1.581917542339389086e+09
1.581917545340718269e+09
1.581917548341841221e+09
1.581917551343122244e+09
1.581917554344257355e+09
1.581917557345538378e+09
1.581917560346773148e+09
1.581917563347886324e+09
1.581917566349048853e+09
1.581917569350256443e+09
1.581917572351564169e+09
1.581917575352799177e+09
1.581917578353981018e+09
1.581917581355102539e+09
1.581917584356394053e+09
1.581917587357606649e+09
1.581917590358874559e+09
1.581917593360035419e+09
1.581917596361300230e+09
1.581917599362579823e+09
1.581917602363605738e+09
1.581917605364851713e+09
1.581917608366101503e+09
1.581917611367194414e+09
1.581917614368405819e+09
1.581917617369623184e+09
1.581917620370898008e+09
1.581917623372095823e+09
1.581917626373357773e+09
1.581917629374609470e+09
1.581917632375749350e+09
1.581917635376991272e+09
1.581917638378121376e+09
1.581917641379328012e+09
1.581917644380517244e+09
1.581917647381849527e+09
1.581917650383005142e+09
1.581917653384107590e+09
1.581917656385395288e+09
1.581917659386618137e+09
1.581917662387930632e+09
1.581917665389022350e+09
1.581917668390178442e+09
1.581917671391450167e+09
1.581917674392593384e+09
1.581917677394221306e+09
1.581917680395272017e+09
1.581917683396364689e+09
1.581917686397626400e+09
1.581917689398808956e+09
1.581917692399898529e+09
1.581917695401021719e+09
1.581917698402294159e+09
1.581917701403556108e+09
1.581917704404703379e+09
1.581917707405952215e+09
1.581917710407210112e+09
1.581917713408336401e+09
1.581917716409603596e+09
1.581917719410756826e+09
1.581917722411950827e+09
1.581917725413162470e+09
1.581917728414299011e+09
1.581917731415556908e+09
1.581917734416749954e+09
1.581917737418034554e+09
1.581917740419293642e+09
1.581917743420485258e+09
1.581917746421558380e+09
1.581917749422775745e+09
1.581917752424073458e+09
1.581917755425359964e+09
1.581917758426467419e+09
1.581917761427607059e+09
1.581917764428819895e+09
1.581917767430036068e+09
1.581917770431416988e+09
1.581917773432590723e+09
1.581917776433789015e+09
1.581917779434998512e+09
1.581917782436195612e+09
1.581917785437368870e+09
1.581917788438550949e+09
1.581917791439751625e+09
1.581917794440961361e+09
1.581917797442288876e+09
1.581917800443514109e+09
1.581917803444666147e+09
1.581917806445878267e+09
1.581917809447090864e+09
1.581917812448301077e+09
1.581917815449477196e+09
1.581917818450716734e+09
1.581917821451931953e+09
1.581917824453083515e+09
1.581917827454334021e+09
1.581917830455554724e+09
1.581917833456729174e+09
1.581917836457879066e+09
1.581917839459096670e+09
1.581917842460366011e+09
1.581917845461528063e+09
1.581917848462761164e+09
1.581917851464022398e+09
1.581917854465871811e+09
1.581917857466300488e+09
1.581917860467645645e+09
1.581917863468844652e+09
1.581917866470055103e+09
1.581917869471310616e+09
1.581917872472418308e+09
1.581917875473685026e+09
1.581917878474855185e+09
1.581917881475995302e+09
1.581917884477218866e+09
1.581917887478437185e+09
1.581917890479606152e+09
1.581917893480886459e+09
1.581917896482110262e+09
1.581917899483363390e+09
1.581917902484471798e+09
1.581917905485674143e+09
1.581917908486894608e+09
1.581917911488227606e+09
1.581917914489413977e+09
1.581917917490558386e+09
1.581917920491869926e+09
1.581917923493045330e+09
1.581917926494241714e+09
1.581917929495449543e+09
1.581917932496562719e+09
1.581917935497814655e+09
1.581917938499040604e+09
1.581917941500283003e+09
1.581917944501484871e+09
1.581917947502710819e+09
1.581917950503826857e+09
1.581917953504980564e+09
1.581917956506236553e+09
1.581917959507574797e+09
1.581917962508707523e+09
1.581917965509975672e+09
1.581917968511121511e+09
1.581917971512325525e+09
1.581917974513585091e+09
1.581917977514754772e+09
1.581917980515953541e+09
1.581917983517248154e+09
1.581917986518354654e+09
1.581917989519622087e+09
1.581917992520866632e+09
1.581917995522001982e+09
1.581917998523207664e+09
1.581918001524453163e+09
1.581918004525563002e+09
1.581918007526934862e+09
1.581918010527950525e+09
1.581918013529286861e+09
1.581918016530411720e+09
1.581918019531594038e+09
1.581918022532949448e+09
1.581918025533995390e+09
1.581918028535245895e+09
1.581918031536525965e+09
1.581918034537751913e+09
1.581918037538921833e+09
1.581918040540085316e+09
1.581918043541377068e+09
1.581918046542589188e+09
1.581918049543799400e+09
1.581918052545012712e+09
1.581918055546272516e+09
1.581918058547406673e+09
1.581918061548572302e+09
1.581918064549834728e+09
1.581918067551016808e+09
1.581918070552268267e+09
1.581918073553381205e+09
1.581918076554558992e+09
1.581918079555862188e+09
1.581918082557008505e+09
1.581918085558260202e+09
1.581918088559550762e+09
1.581918091560640574e+09
1.581918094561899185e+09
1.581918097563070536e+09
1.581918100564352274e+09
1.581918103565475941e+09
1.581918106566686153e+09
1.581918109567996264e+09
1.581918112569151402e+09
1.581918115570351839e+09
1.581918118571625471e+09
1.581918121572723866e+09
1.581918124573939085e+09
1.581918127575259447e+09
1.581918130576380253e+09
1.581918133577620506e+09
1.581918136578783751e+09
1.581918139580088377e+09
1.581918142581294775e+09
1.581918145582385778e+09
1.581918148583579302e+09
1.581918151584832430e+09
1.581918154586132526e+09
1.581918157587287426e+09
0.000000000000000000e+00
