-0.0016307465209257084
-0.0016307498862786777
-0.0016307532521895542
-0.001630756618038074
-0.0016307599837365064
-0.0016307633494966362
-0.0016307667154039835
-0.001630770081270331
-0.0016307734471256374
-0.0016307768128993045
-0.001630780178854424
-0.0016307835446829802
-0.0016307869104427363
-0.0016307902770919683
-0.0016307936422819815
-0.0016307970081433085
-0.0016308003739229705
-0.0016308037398926262
-0.001630807105784915
-0.0016308104715420753
-0.0016308138375426952
-0.0016308172034702232
-0.0016308205694337177
-0.001630823935306989
-0.0016308273012312338
-0.0016308306672042847
-0.0016308340329779906
-0.0016308373990807459
-0.001630840764917859
-0.0016308441309385623
-0.0016308474968861186
-0.0016308508628525222
-0.001630854228780035
-0.00163085759473497
-0.0016308609608734412
-0.0016308643267099162
-0.001630867692759886
-0.00163087105862975
-0.0016308744247901514
-0.001630877790804667
-0.001630881156812369
-0.0016308845228816763
-0.001630887888858575
-0.00163089125480298
-0.0016308946209929746
-0.0016308979870905595
-0.0016309013529588337
-0.0016309047191176251
-0.0016309080850877267
-0.0016309114511643514
-0.001630914817379592
-0.0016309181834789053
-0.0016309215495242944
-0.001630924915528603
-0.0016309282817677851
-0.0016309316479616262
-0.0016309350140480492
-0.0016309383801147712
-0.0016309417461853285
-0.0016309451123838112
-0.001630948478367911
-0.001630951844661737
-0.0016309552106706037
-0.0016309585769378938
-0.0016309619431084277
-0.0016309653093148932
-0.0016309686754823764
-0.0016309720417114642
-0.0016309754077967358
-0.001630978774065533
-0.0016309821402461437
-0.0016309855063492832
-0.0016309888725760514
-0.001630992238924266
-0.0016309956051051495
-0.0016309989713133724
-0.0016310023374398249
-0.0016310057038118086
-0.001631009070035716
-0.0016310124362591456
-0.0016310158025334084
-0.0016310191687323352
-0.0016310225351340271
-0.0016310259014047032
-0.0016310292676941648
-0.0016310326340216238
-0.001631036000160328
-0.0016310393665552702
-0.0016310427328170892
-0.0016310460991832134
-0.0016310494654996452
-0.0016310528317385513
-0.001631056198156668
-0.0016310595644394887
-0.0016310629307945599
-0.0016310662971191557
-0.001631069663441106
-0.0016310730298481082
-0.0016310763962631796
-0.0016310797625322382
-0.001631083129001894
-0.0016310864954432029
-0.0016310898616465218
-0.0016310932281809235
-0.00163109659457147
-0.0016310999609893064
-0.001631103327400169
-0.0016311066938469124
-0.0016311100607573443
-0.001631113426734458
-0.0016311167940717421
-0.0016311201594038016
-0.0016311235259505556
-0.0016311268924411174
-0.001631130258757865
-0.001631133625243066
-0.0016311369928509484
-0.001631140358849393
-0.0016311437252153047
-0.0016311470912618415
-0.0016311504576587373
-0.0016311538244038058
-0.0016311571918307985
-0.0016311605574258433
-0.0016311639236921316
-0.0016311672903579323
-0.0016311706568092118
-0.0016311740233840295
-0.0016311773898384718
-0.001631180756386489
-0.0016311841229467506
-0.0016311874896070221
-0.001631190856174695
-0.0016311942227332434
-0.0016311975893532602
-0.0016312009558314918
-0.0016312043224717587
-0.001631207688980925
-0.0016312110555943221
-0.001631214422256361
-0.0016312177888086988
-0.0016312211556813534
-0.001631224522134088
-0.001631227888774512
-0.0016312312553693842
-0.0016312346220492735
-0.0016312379887157124
-0.0016312413552681364
-0.0016312447219355099
-0.001631248088585167
-0.0016312514552663001
-0.0016312548219810658
-0.0016312581886652774
-0.0016312615553124945
-0.001631264922006171
-0.001631268288953834
-0.0016312716555093383
-0.001631275022211864
-0.001631278388847428
-0.0016312817556599836
-0.001631285122294308
-0.0016312884890456818
-0.0016312918558563393
-0.0016312952227583784
-0.001631298589539973
-0.001631301956091997
-0.0016313053229514672
-0.0016313086894551377
-0.0016313120564588463
-0.001631315423282189
-0.0016313187899764969
-0.0016313221568734501
-0.0016313255235322218
-0.001631328890432151
-0.0016313322574341368
-0.0016313356241016838
-0.0016313389909140847
-0.0016313423577129723
-0.0016313457246866754
-0.0016313490912745609
-0.001631352458287591
-0.001631355825017513
-0.001631359192014237
-0.001631362558830583
-0.0016313659257147146
-0.0016313692926816284
-0.001631372659401796
-0.0016313760262133077
-0.0016313793930926121
-0.0016313827600397046
-0.0016313861270310808
-0.0016313894939490113
-0.0016313928608555652
-0.0016313962277764054
-0.0016313995947008467
-0.0016314029617829275
-0.0016314063285754775
-0.0016314096955256563
-0.0016314130625201034
-0.0016314164294303952
-0.0016314197963399819
-0.0016314231633580032
-0.0016314265303197062
-0.0016314298973341744
-0.001631433264450677
-0.0016314366312818645
-0.0016314399981786861
-0.0016314433652139023
-0.001631446732229137
-0.0016314500991965694
-0.00163145346626387
-0.0016314568332791131
-0.0016314602002615315
-0.0016314635673395214
-0.0016314669343354693
-0.001631470301369218
-0.0016314736684985478
-0.0016314770355950491
-0.0016314804025881
-0.0016314837696831319
-0.0016314871366490474
-0.0016314905037725779
-0.00163149387095315
-0.0016314972380516803
-0.0016315006051473263
-0.0016315039723449358
-0.001631507339394153
-0.0016315107065731711
-0.0016315140735845364
-0.0016315174406143986
-0.0016315208077119735
-0.0016315241749864427
-0.0016315275420739496
-0.001631530909269869
-0.0016315342763794233
-0.0016315376435823744
-0.0016315410106454637
-0.0016315443778789954
-0.001631547745090373
-0.0016315511122731484
-0.0016315544795193551
-0.001631557846704882
-0.0016315612137590876
-0.0016315645810671795
-0.001631567948389494
-0.001631571315524847
-0.0016315746828434521
-0.0016315780499879294
-0.0016315814171872756
-0.001631584784321646
-0.0016315881516627986
-0.0016315915190609268
-0.0016315948862635483
-0.001631598253384069
-0.0016316016205915164
-0.001631604987920154
-0.0016316083553014932
-0.0016316117225878882
-0.0016316150897685974
-0.0016316184570191465
-0.0016316218244272584
-0.0016316251916205279
-0.0016316285589350109
-0.0016316319263492386
-0.0016316352936684973
-0.0016316386610126467
-0.0016316420283452504
-0.0016316453956877535
-0.0016316487629181638
-0.001631652130269721
-0.0016316554976118904
-0.001631658865043131
-0.0016316622324607079
-0.0016316655997019565
-0.0016316689672676962
-0.0016316723345886134
-0.001631675701897992
-0.0016316790698335984
-0.0016316824367903417
-0.0016316858041443049
-0.0016316891715787477
-0.0016316925390358812
-0.0016316959065071552
-0.0016316992737935392
-0.001631702641209629
-0.0016317060087511282
-0.0016317093761013235
-0.0016317127436582307
-0.0016317161111115814
-0.001631719478433504
-0.00163172284608844
-0.0016317262135135304
-0.0016317295810533018
-0.0016317329483846324
-0.0016317363159826254
-0.0016317396834705795
-0.0016317430509213042
-0.0016317464184845544
-0.0016317497860341243
-0.0016317531535100524
-0.0016317565209358698
-0.0016317598885983583
-0.001631763256152958
-0.0016317666236852874
-0.0016317699911910523
-0.0016317733587858016
-0.0016317767262512613
-0.0016317800938528146
-0.0016317834613806816
-0.00163178682904895
-0.0016317901965300957
-0.0016317935641109297
-0.0016317969318064471
-0.0016318002992528153
-0.0016318036670000446
-0.0016318070345751382
-0.0016318104022798746
-0.0016318137696969335
-0.0016318171374148384
-0.001629473902107403
