58896.264421814616
58896.26445654405
58896.264491275855
58896.26452600904
58896.264560741394
58896.264595474204
58896.26463020696
58896.26466494118
58896.264699674495
58896.26473440595
58896.26476913917
58896.264803873055
58896.26483860556
58896.26487333781
58896.26490807198
58896.26494280372
58896.26497753801
58896.265012271375
58896.26504700394
58896.265081736536
58896.265116468894
58896.26515120124
58896.26518593493
58896.26522066797
58896.265255399805
58896.265290134
58896.265324865504
58896.26535959887
58896.26539433205
58896.265429064246
58896.26546379749
58896.26549853
58896.265533262784
58896.26556799704
58896.26560272855
58896.2656374623
58896.265672195215
58896.26570692849
58896.26574166089
58896.26577639271
58896.26581112565
58896.265845858994
58896.265880591935
58896.26591532544
58896.265950058085
58896.26598479095
58896.2660195234
58896.266054256215
58896.26608899006
58896.26612372299
58896.26615845438
58896.266193188596
58896.26622792145
58896.26626265526
58896.26629738626
58896.26633211942
58896.26636685339
58896.26640158496
58896.26643631776
58896.26647105149
58896.266505784006
58896.26654051685
58896.26657524974
58896.26660998298
58896.266644715106
58896.266679447544
58896.26671418225
58896.2667489136
58896.26678364649
58896.266818380194
58896.26685311349
58896.26688784604
58896.26692257933
58896.266957311724
58896.26699204405
58896.26702677649
58896.26706150923
58896.26709624269
58896.26713097611
58896.26716570836
58896.26720044129
58896.267235173604
58896.267269906515
58896.267304640474
58896.26733937371
58896.26737410565
58896.267408837986
58896.26744357138
58896.26747830418
58896.26751303641
58896.26754776969
58896.267582502245
58896.26761723509
58896.26765196856
58896.26768670206
58896.267721434204
58896.26775616708
58896.267790899496
58896.26782563399
58896.26786036771
58896.26789509912
58896.26792983843
58896.2679645648
58896.26799931194
58896.26803403009
58896.26806877542
58896.268103496936
58896.26813824
58896.268172960976
58896.26820770511
58896.268242426864
58896.26827717079
58896.26831189558
58896.26834663904
58896.268381359645
58896.26841610336
58896.268450825024
58896.26848556882
58896.26852029005
58896.26855503405
58896.2685897572
58896.268624505465
58896.26865922134
58896.268693968705
58896.268728688214
58896.26876343796
58896.26879815335
58896.26883290493
58896.26886761886
58896.26890237094
58896.26893708515
58896.26897183188
58896.26900655035
58896.26904129399
58896.26907601655
58896.269110751
58896.26914548284
58896.2691802153
58896.26921494711
58896.26924968153
58896.26928441366
58896.26931914716
58896.26935387957
58896.26938861295
58896.269423345715
58896.26945807761
58896.26949281102
58896.269527544246
58896.26956227774
58896.26959700936
58896.269631742514
58896.26966647636
58896.26970120781
58896.26973594228
58896.2697706734
58896.26980540684
58896.26984014064
58896.269874882484
58896.26990960481
58896.26994433818
58896.269979071694
58896.27001380406
58896.27004853687
58896.270083270756
58896.270118003005
58896.270152736244
58896.2701874684
58896.27022220891
58896.27025693428
58896.27029167839
58896.27032639978
58896.27036114256
58896.27039586559
58896.27043059841
58896.270465330315
58896.270500064245
58896.270534797935
58896.27056952976
58896.27060426164
58896.27063900603
58896.27067372746
58896.270708473145
58896.27074319451
58896.270777937476
58896.27081266025
58896.270847391985
58896.27088212665
58896.270916869005
58896.270951591745
58896.27098632438
58896.271021056535
58896.27105579012
58896.271090523725
58896.27112526564
58896.2711599882
58896.27119472053
58896.27122945425
58896.27126419784
58896.271298919084
58896.27133366191
58896.2713683857
58896.271403117804
58896.271437852796
58896.27147259422
58896.27150731677
58896.271542060655
58896.27157678229
58896.27161152557
58896.27164624923
58896.27168099146
58896.271715715884
58896.271750457054
58896.271785180055
58896.27181992279
58896.27185464576
58896.271889388954
58896.271924112065
58896.27195885421
58896.27199357774
58896.27202830973
58896.272063043834
58896.272097776135
58896.27213251354
58896.27216727754
58896.27220197422
58896.27223671443
58896.27227144004
58896.272306182946
58896.27234090531
58896.27237564978
58896.27241037055
58896.272445105016
58896.272479838844
58896.272514570104
58896.27254930439
58896.27258404754
58896.272618769355
58896.27265351254
58896.27268823403
58896.272722967704
58896.272757700055
58896.27279243308
58896.272827166795
58896.27286189832
58896.27289663242
58896.27293137513
58896.27296609718
58896.2730008404
58896.27303556365
58896.27307030537
58896.27310502955
58896.273139770296
58896.27317449539
58896.27320922713
58896.273243961
58896.27327869301
58896.27331342668
58896.27334815798
58896.273382892934
58896.27341763518
58896.27345235997
58896.273487100836
58896.273521824936
58896.27355655566
58896.273591288635
58896.2736260319
58896.27366075508
58896.27369549784
58896.27373022119
58896.27376495314
58896.27379968684
58896.27383443003
58896.27386915279
58896.273903883986
58896.27393861828
58896.273973349795
58896.27400808292
58896.27404281644
58896.274077548405
58896.27411229274
58896.27414701437
58896.27418177723
58896.27421648163
58896.2742512233
58896.27428594691
58896.27432068909
58896.27435541267
58896.27439014502
58896.27442487893
58896.2744596247
58896.27449434487
58896.27452907645
58896.2745638083
58896.27459854159
58896.27463327507
58896.27466801826
58896.2747027407
58896.274737485684
58896.274772206256
58896.27480694866
58896.27484167214
58896.27487641476
58896.274911137276
58896.27494588047
58896.274980603404
58896.27501534639
58896.275050069824
58896.275084800705
58896.275119535436
58896.27515427764
58896.27518900226
58896.275223744306
58896.27525846671
58896.27529319866
58896.27532793188
58896.27536267489
58896.275397398436
58896.275432141505
58896.27546686368
58896.23624585198
