5.889626614845115546e+04
5.889626618318393594e+04
5.889626621791908838e+04
5.889626625265563052e+04
5.889626628739132866e+04
5.889626632212748518e+04
5.889626635686359805e+04
5.889626639160116611e+04
5.889626642633782467e+04
5.889626646107262786e+04
5.889626649580919184e+04
5.889626653054643248e+04
5.889626656528228341e+04
5.889626660001788696e+04
5.889626663475540408e+04
5.889626666949049104e+04
5.889626670422813913e+04
5.889626673896484863e+04
5.889626677370075777e+04
5.889626680843671056e+04
5.889626684317241597e+04
5.889626687790811411e+04
5.889626691264514375e+04
5.889626694738154038e+04
5.889626698211672192e+04
5.889626701685426087e+04
5.889626705158912227e+04
5.889626708632583177e+04
5.889626712106236664e+04
5.889626715579791198e+04
5.889626719053450506e+04
5.889626722527037055e+04
5.889626726000649069e+04
5.889626729474410240e+04
5.889626732947895653e+04
5.889626736421605165e+04
5.889626739895232458e+04
5.889626743368894677e+04
5.889626746842469583e+04
5.889626750315986283e+04
5.889626753789616487e+04
5.889626757263284526e+04
5.889626760736913275e+04
5.889626764210599504e+04
5.889626767684198421e+04
5.889626771157820622e+04
5.889626774631399894e+04
5.889626778105017002e+04
5.889626781578735972e+04
5.889626785052363994e+04
5.889626788525837765e+04
5.889626791999594570e+04
5.889626795473214588e+04
5.889626798946930649e+04
5.889626802420365857e+04
5.889626805894016434e+04
5.889626809367749229e+04
5.889626812841240462e+04
5.889626816314855387e+04
5.889626819788562716e+04
5.889626823262149264e+04
5.889626826735769282e+04
5.889626830209393665e+04
5.889626833683052246e+04
5.889626837156600232e+04
5.889626840630178776e+04
5.889626844103984331e+04
5.889626847577453736e+04
5.889626851051078120e+04
5.889626854524783266e+04
5.889626857998447667e+04
5.889626861472037854e+04
5.889626864945700800e+04
5.889626868419275706e+04
5.889626871892844065e+04
5.889626875366422610e+04
5.889626878840030986e+04
5.889626882313712849e+04
5.889626885787389620e+04
5.889626889260949974e+04
5.889626892734577268e+04
5.889626896208143444e+04
5.889626899681770010e+04
5.889626903155500622e+04
5.889626906629159203e+04
5.889626910102688271e+04
5.889626913576256629e+04
5.889626917049931217e+04
5.889626920523546141e+04
5.889626923997103586e+04
5.889626927470766532e+04
5.889626930944357446e+04
5.889626934417976736e+04
5.889626937891659327e+04
5.889626941365343373e+04
5.889626944838892814e+04
5.889626948312515742e+04
5.889626951786092104e+04
5.889626955259876559e+04
5.889626958733583888e+04
5.889626962207059114e+04
5.889626965681325964e+04
5.889626969154297694e+04
5.889626972629345983e+04
5.889626976101496257e+04
5.889626979576364101e+04
5.889626983048851253e+04
5.889626986523492087e+04
5.889626989995924669e+04
5.889626993470673187e+04
5.889626996943182894e+04
5.889627000417911768e+04
5.889627003890724882e+04
5.889627007365405734e+04
5.889627010837801936e+04
5.889627014312508254e+04
5.889627017785009230e+04
5.889627021259724279e+04
5.889627024732181599e+04
5.889627028206917021e+04
5.889627031679567153e+04
5.889627035154728219e+04
5.889627038626651483e+04
5.889627042101722327e+04
5.889627045574007934e+04
5.889627049049318157e+04
5.889627052521191945e+04
5.889627055996684794e+04
5.889627059468412335e+04
5.889627062943956116e+04
5.889627066415712034e+04
5.889627069890719577e+04
5.889627073362901865e+04
5.889627076837600907e+04
5.889627080310191377e+04
5.889627083783972193e+04
5.889627087257490348e+04
5.889627090731071075e+04
5.889627094204587775e+04
5.889627097678364225e+04
5.889627101151912939e+04
5.889627104625597713e+04
5.889627108099174075e+04
5.889627111572846479e+04
5.889627115046457766e+04
5.889627118519981741e+04
5.889627121993658511e+04
5.889627125467316364e+04
5.889627128941000410e+04
5.889627132414497464e+04
5.889627135888148041e+04
5.889627139361867012e+04
5.889627142835348059e+04
5.889627146309129603e+04
5.889627149782576453e+04
5.889627153256254678e+04
5.889627156729970011e+04
5.889627160204490065e+04
5.889627163677057251e+04
5.889627167150728928e+04
5.889627170624415885e+04
5.889627174097987154e+04
5.889627177571603534e+04
5.889627181045326870e+04
5.889627184518887225e+04
5.889627187992545805e+04
5.889627191466096701e+04
5.889627194940482150e+04
5.889627198413354199e+04
5.889627201888099808e+04
5.889627205360574590e+04
5.889627208835187048e+04
5.889627212307824811e+04
5.889627215781441919e+04
5.889627219254968077e+04
5.889627222728695779e+04
5.889627226202400198e+04
5.889627229675917624e+04
5.889627233149440144e+04
5.889627236624214129e+04
5.889627240096691821e+04
5.889627243571596046e+04
5.889627247044067190e+04
5.889627250518699293e+04
5.889627253991311591e+04
5.889627257464820286e+04
5.889627260938621475e+04
5.889627264413191733e+04
5.889627267885801120e+04
5.889627271359399310e+04
5.889627274832950206e+04
5.889627278306643711e+04
5.889627281780338672e+04
5.889627285254865274e+04
5.889627288727457199e+04
5.889627292201024829e+04
5.889627295674731431e+04
5.889627299149426108e+04
5.889627302621884883e+04
5.889627306096503162e+04
5.889627309569217323e+04
5.889627313042762398e+04
5.889627316516596329e+04
5.889627319991074182e+04
5.889627323463663924e+04
5.889627326938387705e+04
5.889627330410885770e+04
5.889627333885549160e+04
5.889627337358250224e+04
5.889627340832807386e+04
5.889627344305585575e+04
5.889627347780037235e+04
5.889627351252672088e+04
5.889627354727280908e+04
5.889627358199913579e+04
5.889627361674568238e+04
5.889627365147213277e+04
5.889627368621763162e+04
5.889627372094451857e+04
5.889627375567985291e+04
5.889627379041730455e+04
5.889627382515295903e+04
5.889627385989372124e+04
5.889627389466106251e+04
5.889627392936109391e+04
5.889627396410465008e+04
5.889627399883361068e+04
5.889627403357987350e+04
5.889627406830558175e+04
5.889627410305340891e+04
5.889627413777752372e+04
5.889627417251533916e+04
5.889627420725252159e+04
5.889627424198712833e+04
5.889627427672476915e+04
5.889627431147126481e+04
5.889627434619643464e+04
5.889627438094296667e+04
5.889627441566780908e+04
5.889627445040483144e+04
5.889627448514053685e+04
5.889627451987691165e+04
5.889627455461397767e+04
5.889627458934884635e+04
5.889627462408629799e+04
5.889627465883236437e+04
5.889627469355775975e+04
5.889627472830433544e+04
5.889627476303093135e+04
5.889627479777600092e+04
5.889627483250353544e+04
5.889627486724763003e+04
5.889627490197607403e+04
5.889627493671116827e+04
5.889627497144837980e+04
5.889627500618374324e+04
5.889627504092076560e+04
5.889627507565541600e+04
5.889627511039371893e+04
5.889627514513931965e+04
5.889627517986745806e+04
5.889627521461167635e+04
5.889627524933912355e+04
5.889627528407319915e+04
5.889627531880953029e+04
5.889627535355614236e+04
5.889627538828268007e+04
5.889627542302878282e+04
5.889627545775548060e+04
5.889627549249078584e+04
5.889627552722783003e+04
5.889627556197437661e+04
5.889627559670048504e+04
5.889627563143503357e+04
5.889627566617267439e+04
5.889627570090754307e+04
5.889627573564401246e+04
5.889627577038088930e+04
5.889627580511620181e+04
5.889627583986389072e+04
5.889627587458886410e+04
5.889627590935508488e+04
5.889627594406283606e+04
5.889627597880785470e+04
5.889627601353481441e+04
5.889627604828034237e+04
5.889627608300728025e+04
5.889627611774297839e+04
5.889627615248023358e+04
5.889627618722935586e+04
5.889627622195288131e+04
5.889627625668780820e+04
5.889627629142300430e+04
5.889627632615964831e+04
5.889627636089647422e+04
5.889627639564302081e+04
5.889627643036880909e+04
5.889627646511714556e+04
5.889627649984106392e+04
5.889627653458682471e+04
5.889627656931365345e+04
5.889627660405962524e+04
5.889627663878548628e+04
5.889627667353204015e+04
5.889627670825831592e+04
5.889627674300466606e+04
5.889627677773144387e+04
5.889627681246567954e+04
5.889627684720374964e+04
5.889627688194931397e+04
5.889627691667728504e+04
5.889627695142267476e+04
5.889627698614843393e+04
5.889627702088373917e+04
5.889627705562030314e+04
5.889627709036666784e+04
5.889627712509356206e+04
5.889627715983998496e+04
5.889627719456550403e+04
5.889623796977372695e+04
