58897.22827658619
58897.22831131061
58897.228346041535
58897.22838077593
58897.22841550869
58897.2284502416
58897.22848497455
58897.22851970746
58897.2285544406
58897.22858917375
58897.22862390731
58897.22865866077
58897.22869337085
58897.2287281261
58897.22876283829
58897.22879757177
58897.228832307446
58897.228867058664
58897.22890176719
58897.22893652397
58897.22897123437
58897.22900598798
58897.22904070026
58897.22907543565
58897.22911016675
58897.229144899175
58897.22917963342
58897.22921438635
58897.229249097094
58897.229283853354
58897.22931856269
58897.229353312614
58897.22938802826
58897.22942276165
58897.229457494366
58897.22949224816
58897.22952695942
58897.229561715474
58897.22959642542
58897.22963118113
58897.22966589173
58897.22970062515
58897.229735357374
58897.22977008897
58897.229804823306
58897.22983955556
58897.2298742883
58897.22990904317
58897.229943754406
58897.22997850862
58897.23001321968
58897.23004797352
58897.23008268441
58897.23011744025
58897.2301521519
58897.23018688502
58897.2302216169
58897.23025637194
58897.23029108255
58897.230325815624
58897.23036054828
58897.230395304316
58897.23043001479
58897.23046476999
58897.23049947886
58897.23053423406
58897.230568945575
58897.230603694086
58897.230638411085
58897.23067314752
58897.23070787365
58897.23074260794
58897.23077734295
58897.230812097136
58897.23084680704
58897.23088156297
58897.23091627146
58897.230951028774
58897.23098573864
58897.231020497136
58897.231055203876
58897.2310899425
58897.231124671554
58897.23115943038
58897.23119413771
58897.231228892524
58897.23126359967
58897.231298358296
58897.231333065065
58897.23136782308
58897.231402531834
58897.23143726855
58897.231472000305
58897.23150673157
58897.23154146258
58897.23157619919
58897.231610931005
58897.23164566308
58897.231680395955
58897.23171515239
58897.23174986021
58897.231784597105
58897.231819330606
58897.23185408289
58897.23188879567
58897.23192352658
58897.231958261604
58897.231992993664
58897.23202772635
58897.232062481824
58897.23209719265
58897.232131947756
58897.23216668067
58897.23220139111
58897.23223612224
58897.232270876506
58897.23230558672
58897.232340322545
58897.23237505653
58897.232409788485
58897.23244451936
58897.23247925225
58897.232513984214
58897.23254871845
58897.232583452205
58897.2326181841
58897.23265291498
58897.23268764875
58897.23272238152
58897.2327571386
58897.232791849456
58897.232826607906
58897.232861315344
58897.23289604835
58897.232930778926
58897.23296551193
58897.23300024633
58897.23303500209
58897.233069710564
58897.23310447207
58897.233139178585
58897.233173914734
58897.23320864447
58897.23324340509
58897.23327810893
58897.23331284699
58897.23334757574
58897.23338230778
58897.2334170398
58897.23345177569
58897.23348650661
58897.23352123904
58897.23355597285
58897.23359070804
58897.23362543821
58897.23366017099
58897.233694904025
58897.233729638305
58897.23376437178
58897.23379912692
58897.23383383545
58897.2338685914
58897.23390330127
58897.23393803393
58897.23397276693
58897.23400752449
58897.23404223711
58897.2340769905
58897.23411169759
58897.23414645467
58897.23418116461
58897.23421592031
58897.23425063011
58897.23428538668
58897.23432009684
58897.234354829634
58897.23438956275
58897.234424296985
58897.234459027415
58897.23449376016
58897.23452849126
58897.234563226804
58897.2345979586
58897.234632693006
58897.23466742456
58897.23470216082
58897.23473689247
58897.23477164769
58897.234806355234
58897.23484108998
58897.23487582518
58897.23491057921
58897.234945288445
58897.23498004399
58897.23501475451
58897.23504948767
58897.23508421949
58897.23511897728
58897.2351536876
58897.23518844279
58897.23522315172
58897.23525788505
58897.23529261715
58897.23532734935
58897.23536208125
58897.235396816075
58897.235431550245
58897.23546630589
58897.235501015304
58897.23553577347
58897.23557047999
58897.23560521324
58897.23563994565
58897.235674701704
58897.23570941451
58897.23574414501
58897.23577887714
58897.23581363676
58897.235848344004
58897.235883098736
58897.23591780769
58897.23595254142
58897.235987277
58897.236022008015
58897.23605674106
58897.236091473766
58897.23612620687
58897.23616096184
58897.23619567165
58897.236230428665
58897.23626514002
58897.23629989434
58897.23633460402
58897.23636936286
58897.23640406864
58897.236438801505
58897.236473534525
58897.23650826819
58897.236543002065
58897.23657773405
58897.236612466826
58897.236647225305
58897.236681932394
58897.23671666445
58897.23675139809
58897.23678613145
58897.23682086454
58897.236855618976
58897.236890329325
58897.236925086894
58897.23695979501
58897.23699452741
58897.23702926075
58897.23706399429
58897.23709872873
58897.23713348357
58897.237168192274
58897.23720292642
58897.23723765709
58897.23727241298
58897.2373071237
58897.23734185711
58897.23737659173
58897.23741134618
58897.23744605521
58897.23748078974
58897.23751552105
58897.23755025342
58897.2375849864
58897.237619720254
58897.23765445409
58897.23768918524
58897.237723918945
58897.23775865138
58897.23779338413
58897.23782811629
58897.237862850205
58897.23789760706
58897.23793231613
58897.23796707212
58897.23800178067
58897.23803651554
58897.238071247564
58897.2381059815
58897.23814071431
58897.238175445505
58897.23821018046
58897.23824493403
58897.238279646524
58897.23831440343
58897.238349110106
58897.238383869284
58897.238418575944
58897.23845333369
58897.23848804138
58897.23852279694
58897.23855750668
58897.23859224124
58897.238626973915
58897.23866173152
58897.238696439555
58897.23873119568
58897.23876590536
58897.238800660794
58897.238835369186
58897.23887012854
58897.238904834885
58897.238939568306
58897.2389743016
58897.239009058896
58897.239043769376
58897.23907850064
58897.23911323342
58897.23914799159
58897.23918269943
58897.239217432696
58897.239252166604
58897.23928692171
58897.23932163023
40587.00278555064
