-0.0016307464430047503
-0.0016307498083404626
-0.00163075317404372
-0.0016307565399006475
-0.0016307599058855754
-0.0016307632715493062
-0.0016307666373581034
-0.0016307700030724487
-0.0016307733688934087
-0.001630776734874421
-0.0016307801005919615
-0.0016307834666086228
-0.00163078683222704
-0.0016307901982643615
-0.0016307935640274944
-0.0016307969298801207
-0.001630800295839321
-0.001630803661674093
-0.0016308070274913763
-0.0016308103934836921
-0.0016308137593729298
-0.001630817125208346
-0.0016308204912294489
-0.0016308238570833461
-0.0016308272229732118
-0.0016308305888241784
-0.0016308339548459136
-0.0016308373207260475
-0.0016308406867255982
-0.0016308440525792838
-0.0016308474186700202
-0.0016308507844480687
-0.0016308541505487008
-0.001630857516531283
-0.0016308608825049364
-0.0016308642484717322
-0.0016308676144124747
-0.0016308709804276752
-0.0016308743464210707
-0.001630877712377695
-0.001630881078383111
-0.0016308844444586903
-0.001630887810407657
-0.0016308911766107581
-0.0016308945426123538
-0.001630897908681993
-0.001630901274738386
-0.001630904640659558
-0.0016309080068092321
-0.0016309113729178109
-0.0016309147390388059
-0.0016309181049325972
-0.0016309214710591318
-0.0016309248371702706
-0.001630928203300203
-0.001630931569399766
-0.0016309349355010218
-0.0016309383015419372
-0.0016309416677984787
-0.0016309450338321037
-0.0016309484000642106
-0.001630951766143982
-0.0016309551323431051
-0.0016309584983471037
-0.0016309618645132281
-0.0016309652307109981
-0.0016309685970302373
-0.0016309719630645014
-0.0016309753293400485
-0.0016309786954354216
-0.0016309820617699266
-0.001630985427937108
-0.0016309887940781419
-0.0016309921602465159
-0.0016309955264144404
-0.0016309988926524596
-0.0016310022589584832
-0.0016310056258352181
-0.0016310089915348388
-0.0016310123576661348
-0.0016310157239916424
-0.0016310190902417685
-0.00163102245643363
-0.0016310258226314596
-0.0016310291890106168
-0.0016310325552416807
-0.001631035921581352
-0.0016310392878242461
-0.0016310426542099957
-0.0016310460203920185
-0.0016310493868045796
-0.0016310527531524677
-0.0016310561194292244
-0.0016310594857161928
-0.0016310628520433087
-0.0016310662184811733
-0.0016310695848243747
-0.001631072951145674
-0.0016310763176055198
-0.0016310796841889287
-0.00163108305093871
-0.0016310864170760782
-0.001631089783118819
-0.0016310931493642644
-0.0016310965159001358
-0.001631099882112457
-0.0016311032486665445
-0.0016311066149954417
-0.0016311099819720767
-0.001631113347908421
-0.0016311167160521357
-0.0016311200807251007
-0.0016311234471048201
-0.001631126813561035
-0.0016311301800487881
-0.0016311335465680776
-0.0016311369139747297
-0.0016311402793611522
-0.0016311436463473446
-0.001631147015919667
-0.0016311503788140587
-0.001631153745623167
-0.0016311571125579426
-0.0016311604784630695
-0.0016311638449816774
-0.0016311672115040092
-0.0016311705780749646
-0.0016311739444549427
-0.0016311773110098177
-0.0016311806776090336
-0.001631184044109264
-0.0016311874106217604
-0.0016311907772748738
-0.0016311941437113376
-0.0016311975103269563
-0.0016312008769419717
-0.0016312042434365995
-0.0016312076101210582
-0.0016312109767214968
-0.0016312143432999583
-0.0016312177099783729
-0.0016312210765813298
-0.0016312244431002394
-0.001631227809830394
-0.0016312311764936185
-0.001631234542948695
-0.001631237909636391
-0.0016312412763277624
-0.0016312446429757313
-0.0016312480095931657
-0.001631251376293415
-0.0016312547429673868
-0.0016312581097070948
-0.0016312614763456252
-0.0016312648430584211
-0.0016312682097106921
-0.0016312715765270946
-0.0016312749430690084
-0.0016312783098370906
-0.0016312816764933135
-0.001631285043326472
-0.001631288409900124
-0.0016312917766914076
-0.0016312951434777595
-0.001631298510229268
-0.0016313018769950956
-0.0016313052436661532
-0.0016313086112138572
-0.0016313119774899398
-0.001631315344223268
-0.0016313187111378388
-0.001631322077589596
-0.0016313254444194094
-0.001631328811263576
-0.0016313321789522713
-0.0016313355449542341
-0.0016313389117472285
-0.0016313422784069072
-0.001631345645352647
-0.0016313490121757695
-0.001631352378886969
-0.0016313557459034897
-0.0016313591126946756
-0.0016313624795023017
-0.0016313658463670282
-0.0016313692132332613
-0.0016313725802057791
-0.0016313759470257157
-0.0016313793139198535
-0.0016313826808646865
-0.0016313860475670571
-0.0016313894145126595
-0.0016313927814618665
-0.001631396148290574
-0.0016313995152897542
-0.001631402882273298
-0.0016314062493096406
-0.001631409616084237
-0.0016314129830785305
-0.0016314163499822631
-0.001631419716990155
-0.0016314230838026236
-0.0016314264508476345
-0.0016314298179860847
-0.0016314331849012972
-0.0016314365517837131
-0.001631439918815216
-0.0016314432858588386
-0.0016314466528696684
-0.0016314500198305612
-0.0016314533868870135
-0.0016314567537501993
-0.0016314601208715636
-0.0016314634879451455
-0.001631466854938822
-0.0016314702220152498
-0.0016314735890780789
-0.0016314769559647522
-0.0016314803231352708
-0.0016314836900846732
-0.0016314870572644406
-0.0016314904243493152
-0.0016314937913072104
-0.0016314971584398257
-0.001631500525492554
-0.0016315038927157076
-0.0016315072597348449
-0.001631510626832388
-0.0016315139940426325
-0.0016315173611279995
-0.0016315207282468463
-0.0016315240952665176
-0.0016315274625614796
-0.0016315308294705165
-0.0016315341968474166
-0.0016315375638533615
-0.0016315409311110619
-0.001631544298275969
-0.0016315476653416944
-0.0016315510325649954
-0.0016315543996997925
-0.0016315577671141609
-0.0016315611341832328
-0.0016315645014312655
-0.0016315678685159016
-0.001631571235685356
-0.0016315746029524668
-0.0016315779701289222
-0.0016315813373987509
-0.0016315847046485244
-0.0016315880718633102
-0.0016315914391585979
-0.0016315948064573658
-0.001631598173562769
-0.00163160154090277
-0.001631604908254824
-0.0016316082754733877
-0.0016316116429244236
-0.0016316150100686158
-0.0016316183772805254
-0.0016316217444616293
-0.0016316251119479735
-0.0016316284791702974
-0.0016316318464709625
-0.0016316352137815547
-0.0016316385810527696
-0.0016316419484366281
-0.001631645315716945
-0.001631648683152639
-0.0016316520505789797
-0.0016316554178118813
-0.0016316587851937724
-0.0016316621525149044
-0.001631665519935787
-0.001631668887244578
-0.0016316722545931946
-0.0016316756220222937
-0.0016316789893478397
-0.0016316823567495754
-0.0016316857242532057
-0.001631689091696078
-0.0016316924589647743
-0.0016316958264273485
-0.0016316991938955096
-0.0016317025612301366
-0.0016317059286687745
-0.001631709296211439
-0.0016317126636012844
-0.0016317160311079973
-0.0016317193985667785
-0.00163172276597974
-0.0016317261336336937
-0.0016317295010770335
-0.001631732868466014
-0.0016317362357792355
-0.0016317396033590876
-0.0016317429709552082
-0.001631746338306454
-0.0016317497058730064
-0.001631753073438681
-0.0016317564409264382
-0.0016317598083640688
-0.0016317631761132983
-0.001631766543444323
-0.0016317699110162851
-0.0016317732786708353
-0.0016317766462132254
-0.0016317800137846759
-0.0016317833813445219
-0.0016317867488157454
-0.001631790116328868
-0.001631793484052977
-0.0016317968515193579
-0.001631800219132528
-0.0016318035866720278
-0.001631806954478124
-0.0016318103220329208
-0.0016318136896039455
-0.0016318170571162681
-0.0016294737604336414
