58896.22516607528
58896.22520080285
58896.22523553626
58896.225270269635
58896.225305001324
58896.22533973492
58896.22537446779
58896.22540920042
58896.2254439335
58896.22547866745
58896.22551339933
58896.225548132
58896.22558286446
58896.2256175989
58896.22565233019
58896.22568706269
58896.2257217963
58896.22575652982
58896.22579126204
58896.225825995345
58896.2258607285
58896.22589546096
58896.22593019338
58896.22596492651
58896.225999659175
58896.22603439443
58896.22606912539
58896.226103858375
58896.22613859191
58896.22617332525
58896.22620805772
58896.22624279015
58896.2262775226
58896.22631225621
58896.22634698793
58896.226381720415
58896.22641645512
58896.226451187016
58896.2264859194
58896.22652065234
58896.226555386165
58896.22659011893
58896.22662485174
58896.22665958426
58896.22669431798
58896.22672905097
58896.226763783336
58896.22679851613
58896.22683324894
58896.22686798195
58896.226902715855
58896.22693744815
58896.22697218
58896.22700691276
58896.227041645994
58896.22707637845
58896.22711111201
58896.227145845034
58896.2271805777
58896.22721531165
58896.22725004321
58896.22728477729
58896.227319508595
58896.22735424247
58896.22738897445
58896.22742370703
58896.2274584404
58896.22749317393
58896.227527906514
58896.227562638946
58896.22759737236
58896.22763210523
58896.22766683758
58896.22770157014
58896.22773630354
58896.227771036945
58896.227805769406
58896.22784050242
58896.227875235265
58896.22790996918
58896.227944701466
58896.22797943292
58896.2280141667
58896.2280488991
58896.22808363282
58896.22811836498
58896.22815309745
58896.22818783023
58896.22822256304
58896.22825729862
58896.2282920288
58896.22832676163
58896.22836149461
58896.22839622792
58896.228430961164
58896.22846569402
58896.22850042658
58896.228535158916
58896.22856989328
58896.22860462505
58896.22863935844
58896.228674090315
58896.22870882345
58896.2287435572
58896.22877828936
58896.22881302382
58896.22884775536
58896.22888248917
58896.22891722027
58896.22895195339
58896.22898668577
58896.22902141905
58896.22905615226
58896.22909088477
58896.22912561903
58896.22916035091
58896.22919508461
58896.229229816636
58896.22926455034
58896.229299283514
58896.229334015276
58896.22936874761
58896.229403480465
58896.22943821448
58896.229472947656
58896.22950768021
58896.229542412075
58896.2295771459
58896.229611878814
58896.22964661237
58896.22968134469
58896.2297160782
58896.22975081189
58896.22978554265
58896.22982027595
58896.2298550093
58896.229889740825
58896.22992447372
58896.22995920669
58896.22999394033
58896.230028673075
58896.230063406554
58896.230098139924
58896.230132872
58896.23016760525
58896.23020233721
58896.230237070056
58896.2302718027
58896.230306537
58896.230341269256
58896.230376000894
58896.23041073468
58896.23044546771
58896.23048020178
58896.2305149333
58896.23054966555
58896.230584399156
58896.23061913127
58896.23065386899
58896.23068860003
58896.23072333155
58896.23075806504
58896.2307927976
58896.23082752909
58896.23086226097
58896.23089699458
58896.23093172807
58896.23096646022
58896.231001193555
58896.23103592699
58896.23107065891
58896.23110539246
58896.231140124684
58896.23117485738
58896.23120959028
58896.23124432232
58896.231279055755
58896.23131378844
58896.23134852219
58896.23138325565
58896.23141798832
58896.231452719614
58896.231487452584
58896.231522186485
58896.231556920255
58896.23159165195
58896.23162638402
58896.23166111694
58896.23169584989
58896.231730584754
58896.231765317214
58896.231800049965
58896.23183478284
58896.23186951558
58896.23190424804
58896.2319389806
58896.23197371337
58896.232008446255
58896.2320431805
58896.232077913555
58896.232112645775
58896.23214737868
58896.23218211159
58896.23221684448
58896.23225157697
58896.232286310194
58896.23232104314
58896.23235577535
58896.2323905087
58896.23242524171
58896.232459974184
58896.23249470637
58896.232529439345
58896.23256417291
58896.23259890524
58896.23263363839
58896.23266837187
58896.23270311215
58896.23273783599
58896.232772570445
58896.2328073032
58896.23284203609
58896.2328767695
58896.232911501196
58896.23294623474
58896.23298096716
58896.23301569923
58896.233050432274
58896.23308516526
58896.23311989766
58896.233154631365
58896.23318936441
58896.233224097785
58896.233258829496
58896.23329356229
58896.2333282953
58896.233363029605
58896.23339776221
58896.23343249434
58896.2334672284
58896.23350196088
58896.2335366936
58896.23357142646
58896.233606158225
58896.233640891594
58896.233675624666
58896.23371035792
58896.233745090714
58896.23377982378
58896.23381455558
58896.233849287804
58896.233884021225
58896.23391875559
58896.23395348758
58896.23398822114
58896.23402295328
58896.23405768609
58896.234092419545
58896.23412715196
58896.23416188472
58896.23419661858
58896.23423135027
58896.23426608381
58896.2343008171
58896.23433554912
58896.23437028195
58896.234405015246
58896.23443974697
58896.234474481724
58896.23450921236
58896.2345439467
58896.2345786786
58896.234613411165
58896.234648145735
58896.23468287672
58896.23471761007
58896.234752343764
58896.23478707683
58896.23482180925
58896.234856541596
58896.234891275424
58896.234926008336
58896.23496074122
58896.234995474144
58896.2350302076
58896.2350649396
58896.235099671976
58896.23513440546
58896.235169138025
58896.23520387139
58896.23523860315
58896.23527333566
58896.23530806962
58896.23534280177
58896.23537753513
58896.23541226895
58896.23544700044
58896.235481733886
58896.235516466324
58896.235551200036
58896.23558593192
58896.235620664804
58896.23565539884
58896.23569013109
58896.235724863865
58896.23575959748
58896.23579432908
58896.23582906202
58896.23586379618
58896.23589852803
58896.23593326127
58896.235967993605
58896.236002727586
58896.236037460425
58896.23607219193
58896.236106924625
58896.23614165801
58896.23617639193
58896.23621112418
40587.00278554334
