5.889526326295758918e+04
5.889526329768943106e+04
5.889526333242693363e+04
5.889526336716375226e+04
5.889526340189895564e+04
5.889526343663474836e+04
5.889526347137197445e+04
5.889526350610871305e+04
5.889526354084528430e+04
5.889526357558095333e+04
5.889526361031842680e+04
5.889526364505453239e+04
5.889526367978988128e+04
5.889526371453432512e+04
5.889526374926365679e+04
5.889526378399986424e+04
5.889526381873515493e+04
5.889526385347233008e+04
5.889526388820866123e+04
5.889526392294354446e+04
5.889526395768085786e+04
5.889526399241737090e+04
5.889526402715417498e+04
5.889526406188998953e+04
5.889526409662628430e+04
5.889526413136301562e+04
5.889526416609760781e+04
5.889526420083554694e+04
5.889526423557068483e+04
5.889526427030767081e+04
5.889526430504382006e+04
5.889526433978009300e+04
5.889526437451591482e+04
5.889526440925196948e+04
5.889526444398982858e+04
5.889526447872453718e+04
5.889526451346137037e+04
5.889526454819627543e+04
5.889526458293413452e+04
5.889526461767041474e+04
5.889526465240657853e+04
5.889526468714330258e+04
5.889526472187900072e+04
5.889526475661431323e+04
5.889526479135209956e+04
5.889526482608886727e+04
5.889526486082321208e+04
5.889526489556050365e+04
5.889526493029577250e+04
5.889526496503207454e+04
5.889526499976973719e+04
5.889526503450616292e+04
5.889526506924196292e+04
5.889526510397727543e+04
5.889526513871494535e+04
5.889526517345210596e+04
5.889526520818808058e+04
5.889526524292378599e+04
5.889526527765946958e+04
5.889526531239642645e+04
5.889526534713109868e+04
5.889526538186889229e+04
5.889526541660369548e+04
5.889526545134112530e+04
5.889526548607746372e+04
5.889526552081412956e+04
5.889526555555031518e+04
5.889526559028709744e+04
5.889526562502231536e+04
5.889526565975937410e+04
5.889526569449545059e+04
5.889526572923067579e+04
5.889526576396713062e+04
5.889526579870475689e+04
5.889526583344060055e+04
5.889526586817666976e+04
5.889526590291182947e+04
5.889526593764944846e+04
5.889526597238549584e+04
5.889526600712147774e+04
5.889526604185789620e+04
5.889526607659349975e+04
5.889526611133114784e+04
5.889526614606735529e+04
5.889526618080371554e+04
5.889526621554038866e+04
5.889526625027505361e+04
5.889526628501230880e+04
5.889526631974814518e+04
5.889526635448497109e+04
5.889526638922123675e+04
5.889526642395663657e+04
5.889526645869382628e+04
5.889526649342955352e+04
5.889526652816597925e+04
5.889526656290201936e+04
5.889526659763797215e+04
5.889526663237473258e+04
5.889526666711153666e+04
5.889526670184676186e+04
5.889526673658400250e+04
5.889526677132087207e+04
5.889526680605523870e+04
5.889526684079295228e+04
5.889526687552913063e+04
5.889526691026553453e+04
5.889526694500177837e+04
5.889526697973837145e+04
5.889526701447965024e+04
5.889526704921125202e+04
5.889526708395683818e+04
5.889526711868165876e+04
5.889526715341897216e+04
5.889526718815562344e+04
5.889526722289044119e+04
5.889526725762691785e+04
5.889526729237491963e+04
5.889526732710625220e+04
5.889526736184133915e+04
5.889526739657303551e+04
5.889526743130831892e+04
5.889526746604712389e+04
5.889526750079288468e+04
5.889526753551970614e+04
5.889526757025339612e+04
5.889526760499113152e+04
5.889526763972658955e+04
5.889526767446326994e+04
5.889526770919865521e+04
5.889526774393494998e+04
5.889526777867128840e+04
5.889526781340862362e+04
5.889526784814491839e+04
5.889526788288106764e+04
5.889526791761779168e+04
5.889526795235299505e+04
5.889526798708982096e+04
5.889526802182522806e+04
5.889526805656163197e+04
5.889526809129849426e+04
5.889526812603417056e+04
5.889526816077306285e+04
5.889526819550758955e+04
5.889526823024399346e+04
5.889526826497984439e+04
5.889526829971653933e+04
5.889526833445302327e+04
5.889526836918825575e+04
5.889526840392463055e+04
5.889526843866076524e+04
5.889526847339715459e+04
5.889526850813383498e+04
5.889526854287015158e+04
5.889526857760601706e+04
5.889526861234230455e+04
5.889526864708113862e+04
5.889526868181587633e+04
5.889526871655207651e+04
5.889526875128751271e+04
5.889526878602473880e+04
5.889526882076005131e+04
5.889526885549650615e+04
5.889526889023351396e+04
5.889526892497140943e+04
5.889526895970800979e+04
5.889526899444218725e+04
5.889526902917944972e+04
5.889526906391300145e+04
5.889526909865164635e+04
5.889526913338837767e+04
5.889526916812370473e+04
5.889526920286108361e+04
5.889526923759591591e+04
5.889526927233319293e+04
5.889526930707146676e+04
5.889526934180623357e+04
5.889526937654244102e+04
5.889526941127843020e+04
5.889526944601618015e+04
5.889526948074987740e+04
5.889526951548790385e+04
5.889526955022294715e+04
5.889526958496068255e+04
5.889526961969651893e+04
5.889526965443298104e+04
5.889526968917023623e+04
5.889526972390487936e+04
5.889526975864041742e+04
5.889526979337658850e+04
5.889526982811339258e+04
5.889526986285061867e+04
5.889526989758701529e+04
5.889526993232323730e+04
5.889526996705953934e+04
5.889527000179582683e+04
5.889527003653366410e+04
5.889527007126848184e+04
5.889527010600484209e+04
5.889527014074162435e+04
5.889527017547746800e+04
5.889527021021323890e+04
5.889527024495007208e+04
5.889527027968627954e+04
5.889527031442294538e+04
5.889527034916062985e+04
5.889527038389529480e+04
5.889527041863058548e+04
5.889527045336725860e+04
5.889527048810365523e+04
5.889527052283948433e+04
5.889527055757629569e+04
5.889527059231252497e+04
5.889527062704834680e+04
5.889527066178509267e+04
5.889527069652092905e+04
5.889527073125710012e+04
5.889527076599420980e+04
5.889527080073091929e+04
5.889527083546649374e+04
5.889527087020305771e+04
5.889527090493823925e+04
5.889527093967498513e+04
5.889527097441226215e+04
5.889527100914864423e+04
5.889527104388493171e+04
5.889527107862220146e+04
5.889527111335788504e+04
5.889527114809486375e+04
5.889527118283005257e+04
5.889527121756536508e+04
5.889527125230130332e+04
5.889527128703903873e+04
5.889527132177475141e+04
5.889527135651155550e+04
5.889527139124739915e+04
5.889527142598414503e+04
5.889527146071938478e+04
5.889527149545633438e+04
5.889527153019300749e+04
5.889527156492930953e+04
5.889527159966620820e+04
5.889527163440243021e+04
5.889527166913722613e+04
5.889527170387459046e+04
5.889527173861205665e+04
5.889527177334752923e+04
5.889527180808482808e+04
5.889527184282026428e+04
5.889527187755621708e+04
5.889527191229144955e+04
5.889527194702874840e+04
5.889527198176656384e+04
5.889527201650232018e+04
5.889527205123718159e+04
5.889527208597286517e+04
5.889527212070974201e+04
5.889527215544710634e+04
5.889527219018344476e+04
5.889527222491861176e+04
5.889527225965446269e+04
5.889527229439188523e+04
5.889527232912700129e+04
5.889527236386334698e+04
5.889527239860063855e+04
5.889527243333689694e+04
5.889527246807337360e+04
5.889527250280964654e+04
5.889527253754597768e+04
5.889527257228110102e+04
5.889527260701740306e+04
5.889527264175354503e+04
5.889527267649056012e+04
5.889527271122737875e+04
5.889527274596230563e+04
5.889527278070055036e+04
5.889527281543619029e+04
5.889527285017164832e+04
5.889527288491353102e+04
5.889527291964524193e+04
5.889527295438099827e+04
5.889527298911752587e+04
5.889527302385422081e+04
5.889527305859101034e+04
5.889527309332583536e+04
5.889527312806194823e+04
5.889527316279929073e+04
5.889527319753461779e+04
5.889527323227199668e+04
5.889527326700826961e+04
5.889527330174310919e+04
5.889527333648133936e+04
5.889527337121714663e+04
5.889527340595405985e+04
5.889527344068877574e+04
5.889527347542619827e+04
5.889527351016240573e+04
5.889527354489819118e+04
5.889527357963505347e+04
5.889527361437174841e+04
5.889527364910762117e+04
5.889527368384291185e+04
5.889527371858058177e+04
5.889527375331708026e+04
5.889527378805330227e+04
5.889527382278919686e+04
5.889527385752593545e+04
5.889527389226129162e+04
5.889527392699800112e+04
5.889527396173387388e+04
5.889527399647117272e+04
5.889527403120645613e+04
5.889527406594270724e+04
5.889527410068009340e+04
5.889527413541486749e+04
5.889527417015268293e+04
5.889527420488865027e+04
5.889527423962589819e+04
5.889527427436013386e+04
5.889527430909740360e+04
5.889525012435617100e+04
