1.581917203204792500e+09
1.581917206205595255e+09
1.581917209206746101e+09
1.581917212208030701e+09
1.581917215209232807e+09
1.581917218211346388e+09
1.581917221211701393e+09
1.581917224212914705e+09
1.581917227214180470e+09
1.581917230215292454e+09
1.581917233216593742e+09
1.581917236217807293e+09
1.581917239218992949e+09
1.581917242220154524e+09
1.581917245221417189e+09
1.581917248222641706e+09
1.581917251223871469e+09
1.581917254224985123e+09
1.581917257226295471e+09
1.581917260227475405e+09
1.581917263228760958e+09
1.581917266229999542e+09
1.581917269231194496e+09
1.581917272232376099e+09
1.581917275233601332e+09
1.581917278234808445e+09
1.581917281236061335e+09
1.581917284237274885e+09
1.581917287238458633e+09
1.581917290239706039e+09
1.581917293240946531e+09
1.581917296242196083e+09
1.581917299243317604e+09
1.581917302244529724e+09
1.581917305245729446e+09
1.581917308246953726e+09
1.581917311248085499e+09
1.581917314249432325e+09
1.581917317250600576e+09
1.581917320251771688e+09
1.581917323253031015e+09
1.581917326254313946e+09
1.581917329255536318e+09
1.581917332256696701e+09
1.581917335257792473e+09
1.581917338259171724e+09
1.581917341260332823e+09
1.581917344261554956e+09
1.581917347262823582e+09
1.581917350263873100e+09
1.581917353265165329e+09
1.581917356266384602e+09
1.581917359267639637e+09
1.581917362268851519e+09
1.581917365269987345e+09
1.581917368271289587e+09
1.581917371272555828e+09
1.581917374273672104e+09
1.581917377274930477e+09
1.581917380276149511e+09
1.581917383278003216e+09
1.581917386278623581e+09
1.581917389279787779e+09
1.581917392280895472e+09
1.581917395282207489e+09
1.581917398283445597e+09
1.581917401284683704e+09
1.581917404285832167e+09
1.581917407287001848e+09
1.581917410288332462e+09
1.581917413289432526e+09
1.581917416290743351e+09
1.581917419291982651e+09
1.581917422293179989e+09
1.581917425294406176e+09
1.581917428295509100e+09
1.581917431296682119e+09
1.581917434297936201e+09
1.581917437299320221e+09
1.581917440300458431e+09
1.581917443301614046e+09
1.581917446302882195e+09
1.581917449304010153e+09
1.581917452305297375e+09
1.581917455306442738e+09
1.581917458307773829e+09
1.581917461308959484e+09
1.581917464310176373e+09
1.581917467311386108e+09
1.581917470312721968e+09
1.581917473313807011e+09
1.581917476315030098e+09
1.581917479316235065e+09
1.581917482317495108e+09
1.581917485318759203e+09
1.581917488319966555e+09
1.581917491321140051e+09
1.581917494322322369e+09
1.581917497323496819e+09
1.581917500324789524e+09
1.581917503326063156e+09
1.581917506327186346e+09
1.581917509328379631e+09
1.581917512329530954e+09
1.581917515330868244e+09
1.581917518332118750e+09
1.581917521333299398e+09
1.581917524334398985e+09
1.581917527335690737e+09
1.581917530336901426e+09
1.581917533338080168e+09
1.581917536339333057e+09
1.581917539340589523e+09
1.581917542341763735e+09
1.581917545342961073e+09
1.581917548344235420e+09
1.581917551345412731e+09
1.581917554346641779e+09
1.581917557348648548e+09
1.581917560349140406e+09
1.581917563350316763e+09
1.581917566351492405e+09
1.581917569352698803e+09
1.581917572353943825e+09
1.581917575355280638e+09
1.581917578356270075e+09
1.581917581357566118e+09
1.581917584358710289e+09
1.581917587359970331e+09
1.581917590361408234e+09
1.581917593362483025e+09
1.581917596363654852e+09
1.581917599364902496e+09
1.581917602366112947e+09
1.581917605367364883e+09
1.581917608368461370e+09
1.581917611369714022e+09
1.581917614370947599e+09
1.581917617372196674e+09
1.581917620373289347e+09
1.581917623374673605e+09
1.581917626375763178e+09
1.581917629377312422e+09
1.581917632378266096e+09
1.581917635379411459e+09
1.581917638380548239e+09
1.581917641381877184e+09
1.581917644383137703e+09
1.581917647384315968e+09
1.581917650385505676e+09
1.581917653386748791e+09
1.581917656387877941e+09
1.581917659389091253e+09
1.581917662390395164e+09
1.581917665391527653e+09
1.581917668392880917e+09
1.581917671394445658e+09
1.581917674395264149e+09
1.581917677396465540e+09
1.581917680397605181e+09
1.581917683398912430e+09
1.581917686400199890e+09
1.581917689401339769e+09
1.581917692402509212e+09
1.581917695403769255e+09
1.581917698405008316e+09
1.581917701406111956e+09
1.581917704407455683e+09
1.581917707408706427e+09
1.581917710409853220e+09
1.581917713411098957e+09
1.581917716412221909e+09
1.581917719413521290e+09
1.581917722414759874e+09
1.581917725415954351e+09
1.581917728417129993e+09
1.581917731418345213e+09
1.581917734419587374e+09
1.581917737420859098e+09
1.581917740422018290e+09
1.581917743423182964e+09
1.581917746424506187e+09
1.581917749425683975e+09
1.581917752427019358e+09
1.581917755428084373e+09
1.581917758429356813e+09
1.581917761430628538e+09
1.581917764431806803e+09
1.581917767433007717e+09
1.581917770434233904e+09
1.581917773435329914e+09
1.581917776436595201e+09
1.581917779437757492e+09
1.581917782438988686e+09
1.581917785440151215e+09
1.581917788441487074e+09
1.581917791442773819e+09
1.581917794443901062e+09
1.581917797445050716e+09
1.581917800446309566e+09
1.581917803447493315e+09
1.581917806448698759e+09
1.581917809449921608e+09
1.581917812451191664e+09
1.581917815452421188e+09
1.581917818453577757e+09
1.581917821454785585e+09
1.581917824456122875e+09
1.581917827457229376e+09
1.581917830458435535e+09
1.581917833459642887e+09
1.581917836460973024e+09
1.581917839462229013e+09
1.581917842463411331e+09
1.581917845464707851e+09
1.581917848465922594e+09
1.581917851466953278e+09
1.581917854468319416e+09
1.581917857469491482e+09
1.581917860470610857e+09
1.581917863471823931e+09
1.581917866473035336e+09
1.581917869474251986e+09
1.581917872475478888e+09
1.581917875476851940e+09
1.581917878478081942e+09
1.581917881479218960e+09
1.581917884480474472e+09
1.581917887481682301e+09
1.581917890482870817e+09
1.581917893484159231e+09
1.581917896485388756e+09
1.581917899486576796e+09
1.581917902487791061e+09
1.581917905488981009e+09
1.581917908490196466e+09
1.581917911491327524e+09
1.581917914492486954e+09
1.581917917493851662e+09
1.581917920494973421e+09
1.581917923496141434e+09
1.581917926497398376e+09
1.581917929498585939e+09
1.581917932499761343e+09
1.581917935501063585e+09
1.581917938502192497e+09
1.581917941503628016e+09
1.581917944504659176e+09
1.581917947505871058e+09
1.581917950507229090e+09
1.581917953508361578e+09
1.581917956509637117e+09
1.581917959510949135e+09
1.581917962511919498e+09
1.581917965513258457e+09
1.581917968514567852e+09
1.581917971515568256e+09
1.581917974516869783e+09
1.581917977517992735e+09
1.581917980519227505e+09
1.581917983520469189e+09
1.581917986521647453e+09
1.581917989522910357e+09
1.581917992524160147e+09
1.581917995525292158e+09
1.581917998526740551e+09
1.581918001527741909e+09
1.581918004529100418e+09
1.581918007530262470e+09
1.581918010531572104e+09
1.581918013532630920e+09
1.581918016534010887e+09
1.581918019535173416e+09
1.581918022536456108e+09
1.581918025537586212e+09
1.581918028538874865e+09
1.581918031540194273e+09
1.581918034541298151e+09
1.581918037542419434e+09
1.581918040543725014e+09
1.581918043544793129e+09
1.581918046546011448e+09
1.581918049547232628e+09
1.581918052548402309e+09
1.581918055549657583e+09
1.581918058550838470e+09
1.581918061552236795e+09
1.581918064553454638e+09
1.581918067554493427e+09
1.581918070555753469e+09
1.581918073557086468e+09
1.581918076558275223e+09
1.581918079559495687e+09
1.581918082561016798e+09
1.581918085562004566e+09
1.581918088563045979e+09
1.581918091564220190e+09
1.581918094565647125e+09
1.581918097566778898e+09
1.581918100568055630e+09
1.581918103569249153e+09
1.581918106570462465e+09
1.581918109571596146e+09
1.581918112572942257e+09
1.581918115573984861e+09
1.581918118575295210e+09
1.581918121576574087e+09
1.581918124577760696e+09
1.581918127578986883e+09
1.581918130580189705e+09
1.581918133581350565e+09
1.581918136582630396e+09
1.581918139583785534e+09
1.581918142585066557e+09
1.581918145586271763e+09
1.581918148587488174e+09
1.581918151588700056e+09
1.581918154589793205e+09
1.581918157591181278e+09
0.000000000000000000e+00
