5.889526326215341396e+04
5.889526329688507394e+04
5.889526333162044466e+04
5.889526336635734333e+04
5.889526340109550802e+04
5.889526343583030393e+04
5.889526347056650411e+04
5.889526350530168565e+04
5.889526354003792221e+04
5.889526357477573038e+04
5.889526360951075185e+04
5.889526364424880740e+04
5.889526367898267927e+04
5.889526371372082212e+04
5.889526374845605460e+04
5.889526378319216747e+04
5.889526381792930624e+04
5.889526385266511352e+04
5.889526388740067341e+04
5.889526392213797953e+04
5.889526395687413606e+04
5.889526399160971050e+04
5.889526402634710394e+04
5.889526406108273659e+04
5.889526409581866756e+04
5.889526413055412559e+04
5.889526416529130802e+04
5.889526420002694067e+04
5.889526423476375930e+04
5.889526426949899906e+04
5.889526430423662532e+04
5.889526433897098468e+04
5.889526437370858184e+04
5.889526440844490571e+04
5.889526444318109861e+04
5.889526447791712417e+04
5.889526451265284413e+04
5.889526454738926259e+04
5.889526458212539001e+04
5.889526461686108087e+04
5.889526465159721556e+04
5.889526468633399782e+04
5.889526472106942674e+04
5.889526475580740225e+04
5.889526479054323863e+04
5.889526482527972257e+04
5.889526486001601734e+04
5.889526489475083508e+04
5.889526492948797386e+04
5.889526496422461059e+04
5.889526499896132009e+04
5.889526503369561397e+04
5.889526506843224342e+04
5.889526510316866916e+04
5.889526513790520403e+04
5.889526517264138238e+04
5.889526520737750980e+04
5.889526524211295327e+04
5.889526527685056499e+04
5.889526531158582657e+04
5.889526534632305265e+04
5.889526538105864893e+04
5.889526541579541663e+04
5.889526545053011068e+04
5.889526548526641272e+04
5.889526552000299125e+04
5.889526555474074848e+04
5.889526558947551530e+04
5.889526562421271228e+04
5.889526565894798114e+04
5.889526569368565106e+04
5.889526572842153837e+04
5.889526576315709099e+04
5.889526579789286188e+04
5.889526583262858912e+04
5.889526586736494937e+04
5.889526590210197173e+04
5.889526593684480758e+04
5.889526597157543438e+04
5.889526600631046313e+04
5.889526604104744911e+04
5.889526607578357653e+04
5.889526611051902728e+04
5.889526614525451441e+04
5.889526617999178416e+04
5.889526621472747502e+04
5.889526624946422089e+04
5.889526628419989720e+04
5.889526631893699960e+04
5.889526635367194831e+04
5.889526638840920350e+04
5.889526642314573837e+04
5.889526645788145106e+04
5.889526649261722923e+04
5.889526652735336393e+04
5.889526656209059001e+04
5.889526659682676109e+04
5.889526663156264840e+04
5.889526666629990359e+04
5.889526670103836659e+04
5.889526673577849579e+04
5.889526677051222941e+04
5.889526680524495168e+04
5.889526683997968939e+04
5.889526687471735204e+04
5.889526690945164592e+04
5.889526694418938860e+04
5.889526697892473021e+04
5.889526701366670750e+04
5.889526704839790909e+04
5.889526708315181168e+04
5.889526711786982924e+04
5.889526715260540368e+04
5.889526718734172027e+04
5.889526722207829152e+04
5.889526725681511743e+04
5.889526729156106012e+04
5.889526732628608443e+04
5.889526736102754512e+04
5.889526739579565765e+04
5.889526743049478682e+04
5.889526746523424663e+04
5.889526749997493607e+04
5.889526753470495169e+04
5.889526756944123917e+04
5.889526760417751211e+04
5.889526763891420705e+04
5.889526767364887201e+04
5.889526770838530501e+04
5.889526774312211637e+04
5.889526777785785089e+04
5.889526781259365089e+04
5.889526784733082604e+04
5.889526788206572382e+04
5.889526791680241877e+04
5.889526795153902640e+04
5.889526798627433891e+04
5.889526802101154317e+04
5.889526805574783066e+04
5.889526809048383438e+04
5.889526812522079126e+04
5.889526815995692596e+04
5.889526819469212205e+04
5.889526822942945728e+04
5.889526826416603581e+04
5.889526829890039517e+04
5.889526833363709738e+04
5.889526836837377778e+04
5.889526840310994157e+04
5.889526843784574885e+04
5.889526847258233465e+04
5.889526850731859304e+04
5.889526854205548443e+04
5.889526857679126988e+04
5.889526861152775382e+04
5.889526864626355382e+04
5.889526868100098363e+04
5.889526871573552489e+04
5.889526875047232897e+04
5.889526878520793980e+04
5.889526881994528958e+04
5.889526885467991815e+04
5.889526888941674406e+04
5.889526892415343900e+04
5.889526895888973377e+04
5.889526899362609402e+04
5.889526902836142835e+04
5.889526906310576305e+04
5.889526909783689916e+04
5.889526913257269189e+04
5.889526916731030360e+04
5.889526920204308408e+04
5.889526923677968443e+04
5.889526927151639393e+04
5.889526930626175454e+04
5.889526934098965285e+04
5.889526937572564930e+04
5.889526941046021238e+04
5.889526944519766403e+04
5.889526947993379144e+04
5.889526951466871105e+04
5.889526954940672294e+04
5.889526958414234832e+04
5.889526961887807556e+04
5.889526965361432667e+04
5.889526968835056323e+04
5.889526972308781114e+04
5.889526975782343652e+04
5.889526979255975311e+04
5.889526982729654992e+04
5.889526986203079286e+04
5.889526989676746598e+04
5.889526993150412454e+04
5.889526996623948799e+04
5.889527000097653217e+04
5.889527003571337991e+04
5.889527007045070786e+04
5.889527010518527095e+04
5.889527013992203865e+04
5.889527017465780955e+04
5.889527020939460635e+04
5.889527024412932224e+04
5.889527027886638098e+04
5.889527031360433466e+04
5.889527034833993093e+04
5.889527038307513430e+04
5.889527041781182197e+04
5.889527045254856785e+04
5.889527048728492809e+04
5.889527052202070627e+04
5.889527055675739393e+04
5.889527059149205888e+04
5.889527062622930680e+04
5.889527066096601629e+04
5.889527069570183085e+04
5.889527073043846030e+04
5.889527076517485693e+04
5.889527079990941274e+04
5.889527083464681346e+04
5.889527086938189314e+04
5.889527090411927929e+04
5.889527093885562499e+04
5.889527097359061008e+04
5.889527100832732685e+04
5.889527104306318506e+04
5.889527107780072402e+04
5.889527111253610929e+04
5.889527114727222215e+04
5.889527118200947007e+04
5.889527121674535738e+04
5.889527125148152118e+04
5.889527128621661541e+04
5.889527132095448906e+04
5.889527135568833182e+04
5.889527139042692579e+04
5.889527142516164167e+04
5.889527145989890414e+04
5.889527149463513342e+04
5.889527152937030041e+04
5.889527156410702446e+04
5.889527159884277353e+04
5.889527163358136022e+04
5.889527166831633076e+04
5.889527170305306936e+04
5.889527173778807628e+04
5.889527177252389811e+04
5.889527180726066581e+04
5.889527184199644398e+04
5.889527187673312437e+04
5.889527191146952828e+04
5.889527194620554656e+04
5.889527198094231426e+04
5.889527201567904558e+04
5.889527205041374691e+04
5.889527208515080565e+04
5.889527211988793715e+04
5.889527215462362074e+04
5.889527218936165445e+04
5.889527222409644310e+04
5.889527225883190840e+04
5.889527229356695898e+04
5.889527232830512366e+04
5.889527236304051621e+04
5.889527239777662908e+04
5.889527243251282198e+04
5.889527246724851284e+04
5.889527250198533875e+04
5.889527253672103689e+04
5.889527257145825570e+04
5.889527260619534354e+04
5.889527264093036501e+04
5.889527267566687806e+04
5.889527271040269261e+04
5.889527274513947486e+04
5.889527277987506386e+04
5.889527281461100210e+04
5.889527284934770432e+04
5.889527288408328604e+04
5.889527291881958081e+04
5.889527295355687966e+04
5.889527298829349456e+04
5.889527302302826865e+04
5.889527305776496360e+04
5.889527309250166581e+04
5.889527312723693467e+04
5.889527316197321488e+04
5.889527319671052101e+04
5.889527323144617549e+04
5.889527326618299412e+04
5.889527330091926706e+04
5.889527333565499430e+04
5.889527337039316626e+04
5.889527340512908995e+04
5.889527343986440246e+04
5.889527347459888551e+04
5.889527350933604612e+04
5.889527354407333041e+04
5.889527357880800992e+04
5.889527361354487221e+04
5.889527364828166901e+04
5.889527368301760725e+04
5.889527371775294887e+04
5.889527375249146280e+04
5.889527378722561116e+04
5.889527382196217513e+04
5.889527385669953946e+04
5.889527389143570326e+04
5.889527392617209989e+04
5.889527396090830734e+04
5.889527399564356165e+04
5.889527403037917975e+04
5.889527406511692243e+04
5.889527409985194390e+04
5.889527413458843512e+04
5.889527416932411143e+04
5.889527420406245801e+04
5.889527423879816342e+04
5.889527427353399253e+04
5.889527430826915224e+04
5.889525012289299048e+04
