58895.261631406815
58895.26166613511
58895.261700867115
58895.26173560065
58895.26177033545
58895.261805066875
58895.26183979971
58895.26187453153
58895.2619092644
58895.26194399884
58895.261978730494
58895.26201346518
58895.26204819569
58895.262082930465
58895.262117662336
58895.26215239508
58895.26218712885
58895.262221861296
58895.262256593494
58895.262291327424
58895.26232606022
58895.26236079243
58895.26239552646
58895.26243025872
58895.26246499128
58895.26249972338
58895.2625344572
58895.262569189465
58895.262603922914
58895.26263865479
58895.26267338905
58895.26270812005
58895.26274285428
58895.26277758723
58895.26281232006
58895.26284705272
58895.26288178508
58895.26291651813
58895.262951250894
58895.262985983216
58895.26302071598
58895.263055449395
58895.263090181455
58895.26312491607
58895.263159648544
58895.26319438166
58895.263229114586
58895.26326384604
58895.26329857981
58895.26333331309
58895.26336804643
58895.26340277735
58895.26343751061
58895.26347224368
58895.263506976844
58895.26354170965
58895.26357644241
58895.263611174494
58895.263645908744
58895.26368064064
58895.263715374494
58895.26375010673
58895.26378484013
58895.26381957145
58895.263854304394
58895.26388903761
58895.26392377199
58895.2639585034
58895.263993237226
58895.264027969126
58895.264062703434
58895.26409743595
58895.264132168144
58895.264166900546
58895.264201632905
58895.2642363659
58895.26427109956
58895.264305839024
58895.26434056629
58895.26437529796
58895.26441003157
58895.26444476433
58895.264479496414
58895.26451422853
58895.26454896244
58895.26458369476
58895.26461842814
58895.264653160455
58895.26468789419
58895.264722625776
58895.26475735966
58895.26479209283
58895.26482682517
58895.26486155759
58895.264896290355
58895.26493102422
58895.26496575702
58895.26500048954
58895.26503522343
58895.26506995852
58895.26510469529
58895.26513942566
58895.26517415501
58895.26520888638
58895.265243620684
58895.26527835161
58895.26531308598
58895.265347817956
58895.265382556565
58895.265417284405
58895.26545203494
58895.265486749595
58895.26552148181
58895.265556214756
58895.26559094795
58895.265625681415
58895.26566042399
58895.265695145645
58895.265729883744
58895.26576464849
58895.265799344255
58895.26583408035
58895.26586881767
58895.265903544314
58895.26593827724
58895.265973010144
58895.26600774347
58895.26604247477
58895.26607720784
58895.26611194129
58895.266146673646
58895.266181406085
58895.2662161399
58895.26625087143
58895.266285604754
58895.266320338
58895.26635506994
58895.26638980378
58895.2664245367
58895.26645926933
58895.26649400293
58895.266528735694
58895.26656346753
58895.26659820149
58895.266632934705
58895.266667665695
58895.26670239903
58895.26673713235
58895.26677186514
58895.26680659759
58895.2668413308
58895.266876063695
58895.26691079722
58895.266945529635
58895.26698026275
58895.267014995195
58895.26704972925
58895.26708446043
58895.267119193864
58895.26715392611
58895.26718866009
58895.267223391354
58895.26725812481
58895.26729285814
58895.267327591064
58895.26736232406
58895.26739705603
58895.267431796994
58895.26746652476
58895.267501257185
58895.267535991436
58895.267570720855
58895.26760545408
58895.26764018743
58895.26767492942
58895.267709653956
58895.26774438658
58895.26777911778
58895.26781385186
58895.267848584626
58895.26788331618
58895.26791805082
58895.26795278308
58895.267987515435
58895.268022248325
58895.26805698119
58895.26809171508
58895.268126447336
58895.268161180284
58895.26819591371
58895.268230644586
58895.2682653779
58895.26830011119
58895.26833484318
58895.268369576865
58895.26840431034
58895.2684390443
58895.268473775504
58895.268508508896
58895.268543241305
58895.26857797473
58895.26861270608
58895.26864743977
58895.26868217436
58895.26871690659
58895.268751638425
58895.268786371744
58895.26882110513
58895.26885583812
58895.26889057053
58895.26892530385
58895.268960035144
58895.26899476903
58895.26902950238
58895.269064234824
58895.26909896808
58895.26913370111
58895.26916843231
58895.26920316633
58895.26923789805
58895.26927263207
58895.269307365044
58895.26934209666
58895.269376830016
58895.269411562505
58895.269446296676
58895.2694810287
58895.26951576144
58895.269550495315
58895.26958522784
58895.269619960636
58895.26965469236
58895.26968942687
58895.26972415735
58895.26975889257
58895.26979362392
58895.269828357814
58895.26986309068
58895.26989782248
58895.269932555835
58895.269967288215
58895.27000202343
58895.27003675504
58895.27007148841
58895.27010622005
58895.2701409525
58895.27017568591
58895.27021041832
58895.27024515163
58895.27027988467
58895.27031461732
58895.27034935072
58895.270384084084
58895.27041881542
58895.27045354911
58895.27048828288
58895.270523015184
58895.27055774986
58895.270592481276
58895.27062721337
58895.27066194506
58895.27069667986
58895.27073141188
58895.27076614463
58895.27080087746
58895.27083560977
58895.270870343236
58895.270905075566
58895.270939809416
58895.270974543135
58895.271009274795
58895.27104400794
58895.271078740385
58895.271113473806
58895.27114820602
58895.271182938595
58895.27121767192
58895.27125240414
58895.271287137075
58895.271321871
58895.271356604244
58895.27139133566
58895.27142606898
58895.271460802316
58895.271495534216
58895.27153026713
58895.271565001065
58895.27159973336
58895.27163446681
58895.27166919972
58895.27170393208
58895.27173866688
58895.271773399436
58895.27180813138
58895.271842862494
58895.271877596286
58895.2719123302
58895.27194706152
58895.27198179501
58895.27201652843
58895.27205126101
58895.27208599299
58895.27212072813
58895.27215545891
58895.27219019211
58895.272224926106
58895.2722596589
58895.272294391936
58895.27232912477
58895.27236385665
58895.27239858891
58895.27243332328
58895.272468054936
58895.27250278806
58895.27253752037
58895.27257225535
58895.27260698769
58895.27264172014
58895.27267645194
58895.24849341907
