1.581833945850054979e+09
1.581833948850870609e+09
1.581833951852006435e+09
1.581833954853274584e+09
1.581833957854651928e+09
1.581833960855738401e+09
1.581833963856945753e+09
1.581833966858065605e+09
1.581833969859276772e+09
1.581833972860623121e+09
1.581833975861728668e+09
1.581833978863096714e+09
1.581833981864103317e+09
1.581833984865478754e+09
1.581833987866602898e+09
1.581833990867803097e+09
1.581833993869091749e+09
1.581833996870265722e+09
1.581833999871418476e+09
1.581834002872721195e+09
1.581834005873925447e+09
1.581834008875079155e+09
1.581834011876389503e+09
1.581834014877548456e+09
1.581834017878732681e+09
1.581834020879876137e+09
1.581834023881169319e+09
1.581834026882327795e+09
1.581834029883588791e+09
1.581834032884713650e+09
1.581834035886044502e+09
1.581834038887093067e+09
1.581834041888421535e+09
1.581834044889639616e+09
1.581834047890847206e+09
1.581834050892039537e+09
1.581834053893205881e+09
1.581834056894432306e+09
1.581834059895633936e+09
1.581834062896797419e+09
1.581834065897999287e+09
1.581834068899257183e+09
1.581834071900398254e+09
1.581834074901759386e+09
1.581834077902935982e+09
1.581834080904168129e+09
1.581834083905383587e+09
1.581834086906472445e+09
1.581834089907760859e+09
1.581834092909006596e+09
1.581834095910258055e+09
1.581834098911300898e+09
1.581834101912545681e+09
1.581834104913773060e+09
1.581834107915009737e+09
1.581834110916215181e+09
1.581834113917416573e+09
1.581834116918559074e+09
1.581834119919888973e+09
1.581834122921015263e+09
1.581834125922311544e+09
1.581834128923467398e+09
1.581834131924724102e+09
1.581834134925801516e+09
1.581834137927018166e+09
1.581834140928258657e+09
1.581834143929600477e+09
1.581834146930684328e+09
1.581834149931978226e+09
1.581834152933105469e+09
1.581834155934440136e+09
1.581834158935621023e+09
1.581834161936772585e+09
1.581834164937943459e+09
1.581834167939110041e+09
1.581834170940331697e+09
1.581834173941610098e+09
1.581834176943391323e+09
1.581834179944117546e+09
1.581834182945224285e+09
1.581834185946499348e+09
1.581834188947701216e+09
1.581834191948843956e+09
1.581834194949989796e+09
1.581834197951290369e+09
1.581834200952453613e+09
1.581834203953708410e+09
1.581834206954871178e+09
1.581834209956156969e+09
1.581834212957256556e+09
1.581834215958554983e+09
1.581834218959791660e+09
1.581834221960957289e+09
1.581834224962128401e+09
1.581834227963330507e+09
1.581834230964627028e+09
1.581834233965832472e+09
1.581834236967012644e+09
1.581834239968311548e+09
1.581834242969714642e+09
1.581834245971261740e+09
1.581834248972256899e+09
1.581834251973163605e+09
1.581834254974245071e+09
1.581834257975579262e+09
1.581834260976622343e+09
1.581834263977962971e+09
1.581834266979096413e+09
1.581834269980803251e+09
1.581834272981579542e+09
1.581834275984316587e+09
1.581834278983953238e+09
1.581834281985107183e+09
1.581834284986324787e+09
1.581834287987564087e+09
1.581834290988826275e+09
1.581834293990875483e+09
1.581834296991117477e+09
1.581834299992779732e+09
1.581834302996745110e+09
1.581834305994749546e+09
1.581834308996238947e+09
1.581834311997834682e+09
1.581834314998507738e+09
1.581834317999722958e+09
1.581834321000936747e+09
1.581834324002187490e+09
1.581834327003262281e+09
1.581834330004490614e+09
1.581834333005751133e+09
1.581834336006918192e+09
1.581834339008091450e+09
1.581834342009383678e+09
1.581834345010478735e+09
1.581834348011728764e+09
1.581834351012972116e+09
1.581834354014102936e+09
1.581834357015397549e+09
1.581834360016612291e+09
1.581834363017803192e+09
1.581834366019076586e+09
1.581834369020278692e+09
1.581834372021399498e+09
1.581834375022704840e+09
1.581834378023945332e+09
1.581834381024993896e+09
1.581834384026245117e+09
1.581834387027494669e+09
1.581834390028698921e+09
1.581834393029872894e+09
1.581834396031113625e+09
1.581834399032326221e+09
1.581834402033593893e+09
1.581834405034765720e+09
1.581834408035997629e+09
1.581834411037171364e+09
1.581834414038485050e+09
1.581834417039549589e+09
1.581834420040809155e+09
1.581834423041965961e+09
1.581834426043272972e+09
1.581834429044344902e+09
1.581834432045606852e+09
1.581834435046857119e+09
1.581834438048072815e+09
1.581834441049294472e+09
1.581834444050427198e+09
1.581834447052337646e+09
1.581834450053107977e+09
1.581834453054280281e+09
1.581834456055610180e+09
1.581834459056522608e+09
1.581834462057764530e+09
1.581834465059016228e+09
1.581834468061015606e+09
1.581834471061506033e+09
1.581834474062696218e+09
1.581834477063762188e+09
1.581834480065078020e+09
1.581834483066279888e+09
1.581834486067376852e+09
1.581834489068740606e+09
1.581834492069898605e+09
1.581834495071065426e+09
1.581834498072277784e+09
1.581834501073488712e+09
1.581834504074787140e+09
1.581834507075945139e+09
1.581834510077162504e+09
1.581834513078421831e+09
1.581834516079460382e+09
1.581834519080708981e+09
1.581834522081956625e+09
1.581834525083091736e+09
1.581834528084372520e+09
1.581834531085636139e+09
1.581834534086941004e+09
1.581834537088007689e+09
1.581834540089263916e+09
1.581834543090435028e+09
1.581834546091693878e+09
1.581834549092773438e+09
1.581834552094055176e+09
1.581834555095414400e+09
1.581834558096569777e+09
1.581834561097691536e+09
1.581834564098941326e+09
1.581834567100196123e+09
1.581834570101417780e+09
1.581834573102589130e+09
1.581834576103838682e+09
1.581834579104913712e+09
1.581834582106211901e+09
1.581834585107464075e+09
1.581834588108638287e+09
1.581834591109882832e+09
1.581834594111107588e+09
1.581834597112173557e+09
1.581834600113484621e+09
1.581834603114595652e+09
1.581834606115905762e+09
1.581834609117125750e+09
1.581834612118228674e+09
1.581834615119481325e+09
1.581834618120659351e+09
1.581834621121982813e+09
1.581834624123120070e+09
1.581834627124320030e+09
1.581834630125617981e+09
1.581834633126798630e+09
1.581834636128003597e+09
1.581834639129115582e+09
1.581834642130467653e+09
1.581834645131472111e+09
1.581834648132886171e+09
1.581834651133965731e+09
1.581834654135265112e+09
1.581834657136475563e+09
1.581834660137593746e+09
1.581834663138847113e+09
1.581834666140015602e+09
1.581834669141429424e+09
1.581834672142530918e+09
1.581834675143785238e+09
1.581834678144889832e+09
1.581834681146064758e+09
1.581834684147321701e+09
1.581834687148492813e+09
1.581834690149742126e+09
1.581834693150967360e+09
1.581834696152159452e+09
1.581834699153416157e+09
1.581834702154669762e+09
1.581834705155747652e+09
1.581834708157029629e+09
1.581834711158317804e+09
1.581834714159480572e+09
1.581834717160846949e+09
1.581834720161932468e+09
1.581834723163076639e+09
1.581834726164185524e+09
1.581834729165562868e+09
1.581834732166700602e+09
1.581834735167901039e+09
1.581834738169107914e+09
1.581834741170271397e+09
1.581834744171533346e+09
1.581834747172697306e+09
1.581834750173993111e+09
1.581834753175277710e+09
1.581834756176383734e+09
1.581834759177618265e+09
1.581834762178792477e+09
1.581834765180050850e+09
1.581834768181205273e+09
1.581834771182390690e+09
1.581834774183641434e+09
1.581834777184796095e+09
1.581834780186012030e+09
1.581834783187314272e+09
1.581834786188557863e+09
1.581834789189642668e+09
1.581834792190892696e+09
1.581834795192143679e+09
1.581834798193271160e+09
1.581834801194485664e+09
1.581834804195788860e+09
1.581834807196949720e+09
1.581834810198210716e+09
1.581834813199424982e+09
1.581834816200591803e+09
1.581834819201969624e+09
1.581834822203153372e+09
1.581834825204284668e+09
1.581834828205343723e+09
1.581834831206634521e+09
1.581834834207935810e+09
1.581834837209012270e+09
1.581834840210276842e+09
1.581834843211535931e+09
1.581834846212721109e+09
1.581834849213855028e+09
1.581834852215262175e+09
1.581834855216292620e+09
1.581834858217531919e+09
1.581834861218840122e+09
1.581834864220044613e+09
1.581834867221269608e+09
1.581834870222477674e+09
1.581834873223603487e+09
1.581834876224761009e+09
1.581834879226102352e+09
1.581834882227207661e+09
1.581834885228440762e+09
1.581834888229603529e+09
1.581834891230996609e+09
1.581834894232161283e+09
1.581834897233336687e+09
1.581834900234454632e+09
1.581832810617954254e+09
