-0.0016307465985050057
-0.001630749963842232
-0.0016307533295443477
-0.0016307566954009741
-0.001630760061386262
-0.0016307634270513209
-0.0016307667928579445
-0.0016307701585726124
-0.001630773524395645
-0.0016307768903764568
-0.0016307802560931919
-0.0016307836221104498
-0.0016307869877283318
-0.0016307903537659098
-0.0016307937195277208
-0.0016307970853808491
-0.001630800451339353
-0.0016308038171751254
-0.001630807182993291
-0.0016308105489855418
-0.0016308139148734904
-0.0016308172807107384
-0.0016308206467298687
-0.0016308240125850074
-0.001630827378474563
-0.0016308307443244784
-0.001630834110348369
-0.0016308374762271482
-0.001630840842227068
-0.0016308442080800985
-0.0016308475741703646
-0.0016308509399500673
-0.0016308543060495212
-0.0016308576720313614
-0.0016308610380075079
-0.0016308644039723895
-0.0016308677699141624
-0.0016308711359293222
-0.0016308745019229245
-0.0016308778678795484
-0.0016308812338851825
-0.0016308845999597255
-0.001630887965909182
-0.0016308913321115572
-0.001630894698112838
-0.0016308980641824668
-0.0016309014302393302
-0.0016309047961603328
-0.0016309081623111096
-0.001630911528419886
-0.0016309148945412011
-0.0016309182604345984
-0.0016309216265603685
-0.001630924992672429
-0.0016309283588010971
-0.0016309317249006122
-0.0016309350910016318
-0.0016309384570426294
-0.0016309418232996877
-0.0016309451893344094
-0.001630948555565669
-0.001630951921645336
-0.001630955287844302
-0.0016309586538479817
-0.001630962020013891
-0.0016309653862124967
-0.0016309687525307367
-0.0016309721185654657
-0.00163097548484179
-0.0016309788509372611
-0.0016309822172712134
-0.0016309855834386318
-0.0016309889495791687
-0.0016309923157472336
-0.001630995681916524
-0.0016309990481535293
-0.0016310024144601451
-0.0016310057813366692
-0.0016310091470357316
-0.001631012513167485
-0.0016310158794941754
-0.0016310192457443815
-0.0016310226119345638
-0.0016310259781339095
-0.0016310293445128841
-0.0016310327107436902
-0.0016310360770831105
-0.0016310394433252146
-0.0016310428097111764
-0.0016310461758943522
-0.0016310495423062928
-0.0016310529086550982
-0.0016310562749299415
-0.0016310596412169654
-0.0016310630075445246
-0.0016310663739840642
-0.0016310697403272819
-0.0016310731066480053
-0.0016310764731078207
-0.0016310798396905256
-0.0016310832064405872
-0.0016310865725774604
-0.0016310899386209124
-0.0016310933048663996
-0.0016310966714013111
-0.0016311000376153552
-0.0016311034041693465
-0.0016311067704966424
-0.0016311101374729714
-0.0016311135034114373
-0.0016311168715551114
-0.0016311202362270928
-0.0016311236026067435
-0.0016311269690638115
-0.001631130335551006
-0.0016311337020698184
-0.0016311370694772685
-0.0016311404348633713
-0.0016311438018485032
-0.0016311471714229551
-0.0016311505343168714
-0.001631153901125766
-0.0016311572680597596
-0.0016311606339646128
-0.0016311640004835256
-0.0016311673670067266
-0.0016311707335770506
-0.0016311740999559825
-0.0016311774665130497
-0.0016311808331119907
-0.0016311841996119523
-0.0016311875661247162
-0.0016311909327767402
-0.0016311942992135293
-0.0016311976658299717
-0.0016312010324446553
-0.001631204398938928
-0.0016312077656230077
-0.0016312111322231721
-0.0016312144988024817
-0.0016312178654800775
-0.0016312212320835904
-0.0016312245986016593
-0.0016312279653326464
-0.001631231331996708
-0.0016312346984511635
-0.0016312380651389278
-0.0016312414318306453
-0.0016312447984772112
-0.0016312481650957386
-0.0016312515317949729
-0.001631254898468426
-0.0016312582652094245
-0.001631261631848754
-0.0016312649985613923
-0.0016312683652144465
-0.0016312717320303533
-0.001631275098572521
-0.0016312784653392646
-0.001631281831996464
-0.0016312851988280741
-0.0016312885654017136
-0.0016312919321944653
-0.0016312952989797297
-0.0016312986657318986
-0.001631302032496714
-0.001631305399167651
-0.0016313087667165843
-0.0016313121329923747
-0.0016313154997250245
-0.0016313188666401157
-0.001631322233092734
-0.0016313255999205706
-0.0016313289667652883
-0.001631332334454654
-0.001631335700456797
-0.001631339067249751
-0.0016313424339092868
-0.0016313458008546976
-0.0016313491676780924
-0.0016313525343896768
-0.0016313559014061567
-0.0016313592681974826
-0.0016313626350046378
-0.0016313660018687478
-0.0016313693687367613
-0.0016313727357087772
-0.0016313761025290112
-0.001631379469421438
-0.0016313828363668536
-0.0016313862030703176
-0.0016313895700151605
-0.0016313929369647085
-0.0016313963037935476
-0.001631399670791833
-0.0016314030377763704
-0.001631406404812867
-0.0016314097715880715
-0.0016314131385815871
-0.001631416505485366
-0.001631419872493244
-0.0016314232393056553
-0.0016314266063506744
-0.0016314299734884621
-0.0016314333404030671
-0.0016314367072857564
-0.0016314400743179195
-0.0016314434413611766
-0.0016314468083731034
-0.0016314501753343156
-0.001631453542388772
-0.0016314569092533374
-0.0016314602763739246
-0.0016314636434486326
-0.00163146701044157
-0.0016314703775190717
-0.0016314737445799685
-0.0016314771114684737
-0.0016314804786378104
-0.0016314838455882652
-0.001631487212767694
-0.0016314905798517968
-0.0016314939468102235
-0.0016314973139423248
-0.0016315006809964725
-0.0016315040482193595
-0.0016315074152389534
-0.0016315107823347095
-0.001631514149545984
-0.0016315175166313834
-0.001631520883749725
-0.0016315242507693502
-0.0016315276180641105
-0.0016315309849744331
-0.001631534352350067
-0.0016315377193559446
-0.001631541086614301
-0.0016315444537782608
-0.0016315478208446452
-0.0016315511880682237
-0.0016315545552021656
-0.001631557922617231
-0.0016315612896872155
-0.0016315646569343906
-0.0016315680240194413
-0.001631571391188864
-0.0016315747584559998
-0.0016315781256324865
-0.0016315814929022479
-0.001631584860150841
-0.0016315882273676783
-0.0016315915946626622
-0.0016315949619599038
-0.0016315983290656154
-0.0016316016964058272
-0.001631605063758668
-0.0016316084309764335
-0.0016316117984283465
-0.0016316151655706643
-0.0016316185327844373
-0.0016316218999642466
-0.001631625267450785
-0.0016316286346741982
-0.0016316320019736316
-0.0016316353692858194
-0.0016316387365548732
-0.0016316421039400577
-0.0016316454712210758
-0.0016316488386554006
-0.0016316522060827038
-0.001631655573315381
-0.0016316589406978417
-0.0016316623080181109
-0.0016316656754385892
-0.0016316690427479266
-0.0016316724100976239
-0.001631675777526109
-0.0016316791448525326
-0.0016316825122531023
-0.0016316858797563165
-0.0016316892471991142
-0.0016316926144695396
-0.0016316959819305846
-0.001631699349398612
-0.0016317027167334563
-0.001631706084171663
-0.0016317094517148518
-0.0016317128191038887
-0.0016317161866108425
-0.0016317195540710633
-0.00163172292148339
-0.001631726289138185
-0.001631729656580748
-0.0016317330239700144
-0.0016317363912837668
-0.001631739758863118
-0.0016317431264597747
-0.0016317464938096391
-0.0016317498613762536
-0.0016317532289422147
-0.0016317565964307373
-0.0016317599638674479
-0.0016317633316161079
-0.0016317666989476237
-0.001631770066519107
-0.0016317734341733871
-0.0016317768017169187
-0.0016317801692887555
-0.0016317835368473467
-0.0016317869043191609
-0.0016317902718319228
-0.0016317936395566905
-0.001631797007021942
-0.0016318003746361328
-0.0016318037421771251
-0.0016318071099818002
-0.0016318104775358182
-0.001631813845107401
-0.0016318172126199462
-0.0016294739159312328
